0 75 16 97 73 68 108 32 92 66 81 74 86 62 79 104 41 72 84 80 56 114 79 70 80 91 99 88 100 92 58 101 100 77 57 72 79 81 107 41 74 95 81 89 82 56 85 96 96 77 61 58 81 62 102 74 81 105 113 66 114 80 90 98 82 72 71 63 94 85 69 97 86 87 70 100 100 132 80 106 59 71 91 82 62 97 72 133 76 117 69 44 67 117 122 108 99 64 73 108 46 84 95 84 88 56 75 95 129 80 42 73 72 94 95 83 78 98 78 87 88 70 47 103 83 65 74 108 93 92 62 98 89 64 86 69 82 67 115 105 72 66 127 87 85 126 107 108 71 87 59 60 80 104 68 106 97 69 85 89 
75 0 71 65 14 24 87 43 44 56 40 38 49 41 21 74 46 43 52 64 46 90 20 84 32 32 36 29 57 64 48 60 70 43 47 20 49 54 84 34 56 31 40 44 48 47 39 27 78 47 45 29 33 44 56 51 58 67 90 45 80 50 72 53 23 44 39 34 36 10 48 67 36 60 38 73 56 86 51 88 30 57 54 17 46 38 51 84 30 78 47 37 45 58 81 90 83 46 35 35 99 39 36 74 50 49 46 63 90 50 53 48 49 40 68 40 46 69 3 55 70 38 40 56 37 43 32 45 47 54 52 35 66 48 13 37 59 51 71 57 54 34 73 41 75 81 100 76 44 40 78 24 28 81 52 47 54 52 31 43 
16 71 0 108 57 52 113 48 80 82 76 75 96 54 66 93 25 78 68 86 72 102 63 76 77 75 93 72 84 87 74 107 102 61 73 56 95 73 113 57 80 79 83 73 66 60 75 80 102 83 67 42 77 68 92 71 77 103 109 58 120 86 96 96 66 56 82 47 81 73 61 85 72 89 81 92 100 129 76 98 43 55 88 66 78 81 64 117 73 101 59 60 83 107 124 96 115 70 73 92 62 68 79 96 86 40 71 81 113 86 58 65 68 83 79 67 62 94 74 93 86 57 31 102 73 81 75 102 90 92 78 82 85 75 70 80 66 72 99 100 78 53 116 84 95 122 91 119 79 88 65 60 64 96 73 90 97 74 69 79 
97 65 108 0 51 83 89 65 84 47 62 45 94 66 50 85 83 68 70 69 64 84 45 58 39 57 82 54 86 73 39 69 65 61 65 82 51 70 96 74 58 51 62 61 56 72 67 55 83 41 50 66 40 49 84 76 62 92 69 62 82 38 77 58 48 61 26 71 65 72 59 75 71 85 27 89 63 91 61 92 67 66 48 73 70 75 56 113 35 103 58 76 74 104 103 90 100 51 64 83 93 56 73 65 57 86 56 54 115 52 75 55 53 65 74 68 64 76 68 78 69 67 77 58 65 72 33 91 52 69 70 93 70 45 69 28 96 48 107 64 59 63 98 46 66 86 111 67 69 42 69 64 83 88 49 88 64 50 48 71 
73 14 57 51 0 38 77 57 56 42 48 30 59 27 25 62 32 29 41 50 45 79 6 70 24 18 46 15 43 55 34 54 57 32 44 34 40 51 70 48 42 22 26 30 37 33 43 26 64 40 31 15 25 30 64 37 50 73 82 31 71 37 58 39 9 30 25 20 40 24 34 56 50 46 24 70 48 72 49 81 16 51 40 31 49 24 37 70 16 74 33 45 49 68 67 79 69 32 39 49 92 25 22 60 42 35 44 49 86 49 61 38 41 26 54 39 35 67 17 44 59 41 26 47 45 47 18 55 33 51 49 49 58 40 27 23 45 40 85 49 40 37 59 27 61 67 86 62 30 31 80 38 42 69 39 61 46 38 17 51 
68 24 52 83 38 0 90 67 28 60 57 56 73 58 45 73 54 64 75 67 50 98 41 102 56 29 60 32 81 85 52 84 63 67 49 4 65 68 94 58 59 55 61 68 68 64 56 51 83 42 48 48 57 49 73 58 63 51 95 62 94 45 77 61 44 43 57 51 60 34 60 87 20 63 58 87 80 84 62 106 47 74 75 41 44 62 57 70 51 62 40 61 39 82 102 104 107 51 49 59 94 63 60 61 74 57 57 84 74 43 77 57 54 61 71 54 69 80 27 79 70 62 48 70 54 41 53 69 67 68 54 59 71 46 37 58 78 49 47 48 59 58 94 62 62 89 108 80 63 64 92 19 12 89 50 71 73 51 55 60 
108 87 113 89 77 90 0 76 105 58 61 54 84 59 71 73 88 89 71 102 85 102 71 108 60 83 71 80 87 84 50 79 100 62 84 86 56 101 110 80 76 56 51 70 60 65 66 60 60 78 83 71 61 82 81 83 61 101 93 55 55 75 107 84 74 81 63 74 73 77 52 79 70 84 62 82 84 124 60 104 70 81 83 78 79 94 49 123 68 104 78 77 78 93 92 102 121 84 84 92 130 65 99 76 78 91 55 87 116 87 86 55 52 91 89 73 65 78 84 77 57 88 82 31 64 76 66 80 85 78 89 102 69 44 74 61 101 41 106 85 74 84 124 79 77 112 142 100 88 47 107 101 94 81 40 97 73 39 69 68 
32 43 48 65 57 67 76 0 60 34 49 42 54 30 47 72 50 40 67 48 24 82 54 83 48 66 67 63 82 60 26 70 68 58 25 63 47 49 75 9 42 64 49 66 54 24 53 64 64 45 29 42 49 30 70 42 49 73 81 34 82 48 58 66 57 40 39 45 62 53 37 73 54 55 38 68 68 100 48 74 41 71 59 59 30 81 40 101 44 100 37 12 35 85 90 76 105 32 41 78 78 61 79 52 56 62 43 63 112 48 10 41 40 62 85 51 61 66 46 55 56 38 53 71 51 33 42 76 61 60 30 78 57 32 56 37 72 35 94 73 40 34 95 55 53 94 113 76 39 55 72 61 71 72 36 82 65 37 53 57 
92 44 80 84 56 28 105 60 0 75 70 51 93 72 56 88 82 84 63 82 70 101 61 80 45 49 80 52 79 57 67 87 67 54 69 24 69 83 92 69 67 75 78 52 59 78 65 71 98 70 63 68 44 64 86 67 73 71 105 68 105 70 92 65 64 52 58 71 71 54 65 78 40 83 57 102 67 88 72 101 67 84 77 61 64 80 68 69 53 66 55 72 59 102 119 101 91 66 69 79 122 47 78 89 61 85 67 82 78 47 50 61 64 81 81 63 57 90 47 89 81 73 76 81 67 61 51 89 70 76 74 79 81 61 57 56 98 64 75 20 65 69 114 64 90 93 136 95 83 74 69 47 16 100 65 91 71 66 39 73 
66 56 82 47 42 60 58 34 75 0 31 24 64 35 41 54 64 59 49 60 55 78 36 60 30 48 51 45 65 26 8 60 58 40 56 56 46 61 87 43 46 46 31 52 36 41 36 50 60 36 41 47 31 40 53 55 31 71 63 31 77 33 68 49 39 51 21 50 53 61 28 55 40 60 20 80 54 82 30 80 46 54 41 54 57 64 25 99 26 82 48 46 56 73 72 78 91 42 55 70 88 47 64 18 48 67 25 45 94 45 44 25 22 56 67 62 43 48 59 47 38 54 58 53 34 54 24 60 43 56 61 81 39 14 58 19 77 17 76 55 44 54 89 37 19 77 98 58 58 37 49 59 64 57 18 67 51 19 39 40 
81 40 76 62 48 57 61 49 70 31 0 22 63 23 39 57 51 46 52 44 41 81 46 81 28 58 50 55 68 57 23 61 67 43 41 53 57 45 71 44 27 39 34 44 39 29 5 35 60 44 25 35 29 26 22 35 18 58 50 19 78 47 54 59 49 20 36 38 54 30 16 58 43 54 35 64 52 92 11 83 34 23 52 23 46 67 19 68 36 77 17 41 51 65 75 81 83 28 53 49 96 39 70 49 46 54 6 49 89 47 59 12 9 66 70 31 46 29 37 34 41 56 45 64 3 49 34 59 53 52 36 50 26 17 27 34 65 20 45 53 25 52 99 47 50 52 105 73 45 48 80 41 61 51 21 65 54 22 31 9 
74 38 75 45 30 56 54 42 51 24 22 0 60 21 17 50 50 47 39 48 43 72 24 64 6 36 47 33 55 50 16 48 55 30 44 52 44 49 68 42 37 40 27 28 32 27 27 44 56 34 29 33 7 28 44 43 22 67 54 17 75 31 56 37 27 28 19 36 32 48 14 51 36 52 18 68 30 70 21 64 32 45 38 45 42 54 17 80 14 72 31 39 41 69 68 66 67 30 31 63 86 23 52 42 24 53 16 43 84 43 52 10 13 44 57 39 33 39 41 38 34 34 44 51 25 39 12 56 31 49 49 72 30 10 49 17 63 13 67 31 35 30 77 25 43 65 104 56 48 35 73 55 60 49 14 43 44 15 15 31 
86 49 96 94 59 73 84 54 93 64 63 60 0 60 61 82 71 46 68 65 30 73 53 89 66 65 13 62 79 41 56 50 100 65 31 69 72 66 92 45 57 54 33 74 66 54 62 50 79 74 46 64 67 45 76 72 67 88 99 61 97 77 73 82 56 57 68 67 55 39 58 85 60 61 67 85 90 113 66 65 63 80 83 40 36 83 55 113 59 88 54 42 41 35 74 67 109 47 47 58 126 72 81 82 71 56 61 92 100 84 64 61 58 71 86 63 62 84 46 61 66 75 65 79 60 39 61 22 76 66 36 64 75 50 36 66 82 47 108 78 55 71 104 70 83 109 107 105 45 63 78 73 77 87 46 96 71 45 70 63 
62 41 54 66 27 58 59 30 72 35 23 21 60 0 38 55 29 46 39 65 30 79 33 85 27 45 52 42 55 61 27 69 66 36 31 54 61 52 88 21 38 49 32 48 37 6 28 46 61 55 46 12 28 45 42 24 23 69 55 4 96 52 73 58 36 39 40 15 49 41 7 56 47 45 39 71 51 91 22 81 11 46 59 34 36 51 10 89 35 72 40 18 41 74 73 79 88 47 41 60 107 43 49 53 45 32 17 64 84 46 40 11 14 53 57 50 33 40 44 39 39 36 23 72 26 39 33 61 52 57 36 66 31 21 38 38 42 18 66 52 36 32 86 46 54 75 83 77 45 56 78 52 62 42 19 60 52 20 36 29 
79 21 66 50 25 45 71 47 56 41 39 17 61 38 0 53 52 38 44 47 31 77 19 68 11 31 57 28 60 61 33 53 60 35 30 41 49 33 73 46 45 35 37 33 40 44 44 39 67 39 34 35 12 33 61 44 39 74 71 34 80 36 61 42 16 33 24 38 15 31 31 59 43 55 23 52 35 75 38 69 34 50 43 38 25 49 34 85 19 77 36 43 24 79 78 71 72 35 14 56 91 28 47 59 29 55 33 48 89 48 37 27 30 33 62 44 38 56 24 53 51 17 46 56 42 22 17 66 36 33 35 56 47 27 34 22 65 30 84 36 43 13 66 30 60 70 106 61 39 40 57 45 49 66 31 60 38 32 20 48 
104 74 93 85 62 73 73 72 88 54 57 50 82 55 53 0 74 65 34 66 61 71 56 104 56 44 69 47 50 60 46 88 91 34 62 69 84 60 86 76 58 72 49 46 29 61 62 76 76 74 47 61 57 46 77 54 57 89 89 51 98 71 70 73 59 58 59 65 68 81 48 48 66 77 58 79 80 106 56 73 61 66 74 80 67 69 45 115 50 76 55 73 72 91 90 71 101 44 67 88 81 41 84 72 72 77 51 83 88 83 64 51 48 76 61 69 37 49 74 73 16 36 68 75 60 70 52 78 67 74 67 93 65 40 84 57 62 37 102 81 56 40 109 61 73 101 128 96 66 75 103 79 77 77 36 93 69 37 49 64 
41 46 25 83 32 54 88 50 82 64 51 50 71 29 52 74 0 61 43 61 58 77 38 101 53 50 68 47 59 66 56 86 77 40 58 58 72 59 88 50 55 54 58 52 45 35 50 55 77 58 42 17 52 43 67 46 52 86 84 33 95 61 71 71 41 31 57 22 67 48 36 64 74 64 56 78 75 104 51 73 18 68 63 41 53 56 39 92 48 76 34 47 58 82 99 71 96 45 48 67 87 47 54 82 69 15 46 81 88 61 60 40 43 58 54 42 37 69 49 68 61 43 6 79 48 56 50 77 65 67 63 63 60 50 45 55 41 47 95 76 53 39 91 59 83 97 66 94 62 63 90 35 66 71 48 65 72 49 44 54 
72 43 78 68 29 64 89 40 84 59 46 47 46 46 38 65 61 0 60 51 16 85 23 73 41 35 59 32 44 83 51 71 65 57 15 60 57 45 78 31 43 39 43 59 54 40 51 43 65 57 32 44 42 31 60 54 31 74 78 47 83 54 59 56 26 43 42 49 53 53 44 73 44 17 41 64 65 89 45 93 45 68 48 53 20 53 47 99 33 90 40 28 25 81 84 91 95 33 31 74 109 54 51 51 57 64 40 66 102 66 49 40 37 43 71 54 60 63 46 15 61 29 55 64 49 23 35 68 50 50 20 78 38 45 56 40 74 48 91 66 41 25 76 35 52 84 115 79 1 48 62 64 68 79 49 90 55 50 46 47 
84 52 68 70 41 75 71 67 63 49 52 39 68 39 44 34 43 60 0 62 52 56 45 89 33 57 63 54 16 35 41 73 73 9 51 71 69 63 61 60 52 61 44 21 14 45 50 61 73 59 43 46 32 44 68 39 52 83 84 43 74 56 72 58 48 37 44 49 59 56 43 33 61 43 43 82 55 91 51 58 47 51 56 63 56 35 40 81 35 45 35 57 61 60 85 56 76 46 58 81 111 16 63 61 49 46 46 68 57 68 77 46 43 65 30 48 6 69 49 58 18 61 37 50 49 59 37 72 52 69 46 78 35 35 59 42 72 32 97 56 50 57 98 46 60 86 97 81 59 60 90 59 73 72 31 79 64 32 24 55 
80 64 86 69 50 67 102 48 82 60 44 48 65 65 47 66 61 51 62 0 35 97 44 87 42 56 73 53 78 84 52 72 36 58 36 63 68 39 65 50 32 58 53 56 55 59 43 54 54 49 19 64 43 20 60 45 61 63 93 62 72 52 48 57 47 30 43 59 62 64 59 74 62 66 42 58 66 90 44 95 63 61 53 57 41 74 62 91 34 95 27 47 43 75 94 93 95 22 33 76 101 51 72 78 46 64 49 67 107 56 58 55 52 64 79 41 56 72 67 66 50 63 55 75 41 41 36 82 51 52 41 88 69 58 61 41 72 61 89 67 30 59 97 45 79 85 115 80 50 59 76 51 71 94 62 85 57 63 43 47 
56 46 72 64 45 50 85 24 70 55 41 43 30 30 31 61 58 16 52 35 0 71 39 59 37 51 43 48 58 69 47 67 70 43 1 46 63 36 62 15 27 55 58 44 48 24 40 51 49 44 16 42 38 15 46 42 47 58 85 34 67 47 43 52 42 27 38 43 46 56 37 67 30 31 37 55 61 83 39 79 41 58 53 54 6 69 40 88 29 85 24 12 11 65 99 77 81 17 17 60 96 48 67 67 41 61 44 62 97 54 34 41 44 41 70 38 46 67 49 31 45 45 52 70 38 9 31 52 46 36 6 81 54 49 58 36 72 46 86 62 25 41 74 40 68 80 112 75 15 54 48 48 54 68 45 82 41 46 40 33 
114 90 102 84 79 98 102 82 101 78 81 72 73 79 77 71 77 85 56 97 71 0 73 117 66 85 60 82 72 73 70 80 104 47 70 94 57 60 99 86 89 75 75 59 42 85 86 79 104 87 78 74 65 77 101 67 81 120 113 75 106 84 105 78 76 75 72 79 92 86 72 29 89 99 71 41 42 90 80 8 75 79 87 87 65 91 69 126 63 36 78 83 70 58 116 6 114 79 76 104 139 54 95 96 81 90 75 96 48 96 92 75 72 93 74 76 50 98 87 97 74 84 81 82 84 68 65 51 72 90 75 79 79 64 83 70 104 61 113 89 87 80 126 74 97 104 139 109 84 66 117 102 86 101 62 107 85 63 62 88 
79 20 63 45 6 41 71 54 61 36 46 24 53 33 19 56 38 23 45 44 39 73 0 64 18 12 40 9 49 61 28 48 51 36 38 37 34 45 71 54 36 16 20 36 31 39 49 20 58 34 25 21 19 24 64 31 46 67 78 37 65 31 52 33 3 36 19 26 34 30 38 50 53 40 18 64 42 66 44 75 22 45 34 37 43 30 41 76 10 78 33 51 43 62 61 73 75 26 33 55 86 31 28 54 36 41 40 43 90 43 56 34 37 20 48 33 39 63 23 38 53 36 32 41 47 41 12 49 27 45 43 55 54 34 33 17 51 34 88 43 34 32 53 21 55 61 92 56 24 25 74 44 45 73 33 67 40 32 23 51 
70 84 76 58 70 102 108 83 80 60 81 64 89 85 68 104 101 73 89 87 59 117 64 0 58 76 90 73 105 86 58 53 84 80 58 99 70 89 115 74 77 70 81 80 75 83 86 74 102 60 69 85 59 68 101 79 81 111 113 81 101 57 96 77 67 80 45 80 83 91 78 94 83 88 46 108 82 110 80 116 84 85 67 92 63 94 75 132 54 122 77 71 64 112 122 117 119 70 54 78 112 75 92 42 76 105 75 73 134 71 93 74 72 84 93 87 83 95 87 88 88 85 96 77 84 62 52 99 71 73 61 112 89 64 88 47 115 67 126 83 78 81 117 65 41 105 122 86 72 61 11 83 96 107 68 107 78 69 67 88 
80 32 77 39 24 56 60 48 45 30 28 6 66 27 11 56 53 41 33 42 37 66 18 58 0 30 53 27 49 50 22 42 49 24 38 52 38 43 62 48 34 34 33 22 29 33 33 38 56 28 23 38 1 22 50 37 28 65 60 23 69 25 50 31 21 22 13 33 26 42 20 48 42 58 12 62 24 64 27 58 37 39 32 49 36 48 23 74 8 66 25 45 35 73 74 60 61 24 25 57 80 17 46 48 18 56 22 37 78 37 48 16 19 38 51 33 27 45 35 44 40 28 47 45 31 33 6 62 25 43 43 66 36 16 45 11 68 19 73 25 32 24 71 19 49 59 98 50 42 29 68 49 58 55 20 49 38 21 9 37 
91 32 75 57 18 29 83 66 49 48 58 36 65 45 31 44 50 35 57 56 51 85 12 76 30 0 52 3 61 73 40 60 63 48 50 25 46 57 83 66 48 28 32 48 43 51 61 32 70 46 37 33 31 36 76 43 58 72 90 49 77 43 64 45 15 48 31 38 46 42 50 62 41 52 30 76 54 78 56 87 34 57 46 49 55 42 53 88 22 83 45 63 55 74 73 85 87 38 45 67 98 43 40 66 48 53 52 55 95 55 68 46 49 32 42 45 51 75 35 50 60 48 44 53 59 53 24 61 39 57 55 67 66 46 45 29 63 46 76 55 46 44 65 33 67 62 104 68 36 37 86 48 33 85 45 79 52 44 35 63 
99 36 93 82 46 60 71 67 80 51 50 47 13 52 57 69 68 59 63 73 43 60 40 90 53 52 0 49 66 28 43 37 91 54 44 56 59 79 105 58 69 41 20 66 53 58 49 37 73 71 59 51 54 58 66 71 54 94 86 48 90 68 86 73 43 61 56 54 42 26 45 72 63 74 55 89 77 106 53 52 50 67 74 27 49 70 42 100 50 75 61 55 54 22 61 54 96 60 60 45 123 61 68 69 71 69 48 80 87 80 77 48 45 60 81 50 57 71 33 65 53 74 62 66 47 52 52 9 67 69 49 51 62 37 23 54 81 34 95 65 67 70 93 61 70 96 120 93 58 50 79 60 64 74 33 83 64 32 62 53 
88 29 72 54 15 32 80 63 52 45 55 33 62 42 28 47 47 32 54 53 48 82 9 73 27 3 49 0 58 70 37 57 60 45 47 28 43 54 80 63 45 25 29 45 40 48 58 29 67 43 34 30 28 33 73 40 55 75 87 46 74 40 61 42 12 45 28 35 43 39 47 59 44 49 27 73 51 75 53 84 31 54 43 46 52 39 50 85 19 86 42 60 52 71 70 82 84 35 42 64 95 40 37 63 45 50 49 52 98 52 65 43 46 29 39 42 48 72 32 47 62 45 41 50 56 50 21 58 36 54 52 64 63 43 42 26 60 43 79 52 43 41 62 30 64 65 101 65 33 34 83 51 36 82 42 76 49 41 32 60 
100 57 84 86 43 81 87 82 79 65 68 55 79 55 60 50 59 44 16 78 58 72 49 105 49 61 66 58 0 51 57 89 57 25 57 77 69 79 77 73 68 65 60 37 30 61 66 69 89 75 59 58 48 60 84 55 68 99 100 59 90 72 88 74 52 53 60 63 75 67 59 49 77 27 59 98 71 107 67 74 59 67 72 74 62 19 56 65 51 61 51 70 67 44 101 72 92 62 73 92 127 32 65 77 65 62 62 84 73 77 92 62 59 69 46 64 22 85 60 59 34 73 53 66 65 65 53 57 68 85 62 74 51 51 70 58 88 48 88 72 66 69 102 62 76 102 113 97 43 74 104 75 85 88 47 95 80 48 40 71 
92 64 87 73 55 85 84 60 57 26 57 50 41 61 61 60 66 83 35 84 69 73 61 86 50 73 28 70 51 0 34 65 84 26 68 81 72 85 78 69 72 69 48 38 31 67 62 65 86 62 65 63 49 66 79 56 57 97 89 57 91 59 94 75 64 54 47 66 70 54 54 50 66 78 46 104 72 108 56 75 64 68 67 55 73 70 51 86 52 68 57 72 78 49 89 73 93 68 75 73 114 33 77 44 66 69 51 71 80 71 70 51 48 81 53 65 29 74 61 73 53 78 60 67 60 76 50 37 69 82 63 79 58 40 51 45 93 43 97 37 70 74 114 63 45 103 120 84 82 63 75 81 73 83 44 68 77 45 41 66 
58 48 74 39 34 52 50 26 67 8 23 16 56 27 33 46 56 51 41 52 47 70 28 58 22 40 43 37 57 34 0 52 50 32 48 48 38 53 79 35 38 38 23 44 28 33 28 42 52 28 33 39 23 32 45 51 23 63 55 23 69 25 60 41 31 43 13 42 45 53 20 47 32 52 12 72 46 74 22 72 38 46 33 46 49 56 17 91 18 74 40 38 48 65 64 70 83 34 47 62 80 39 56 26 40 59 17 37 86 37 36 17 14 48 59 54 35 40 51 39 30 50 50 45 26 46 16 52 35 48 53 73 31 6 50 11 69 9 68 47 36 46 81 29 27 69 98 50 50 29 57 51 56 49 10 59 43 11 31 32 
101 60 107 69 54 84 79 70 87 60 61 48 50 69 53 88 86 71 73 72 67 80 48 53 42 60 37 57 89 65 52 0 77 64 68 80 23 73 99 79 64 41 57 64 59 75 56 45 77 58 53 69 43 52 77 79 70 95 102 65 72 55 80 61 51 64 43 74 68 50 62 78 84 88 42 92 66 94 69 72 70 69 60 51 73 78 65 108 38 106 61 79 77 59 98 74 103 54 67 25 110 59 76 73 60 89 64 67 118 67 80 58 61 68 86 58 67 87 57 86 82 70 80 48 58 75 36 46 55 49 73 75 78 58 47 41 99 61 106 67 62 66 101 49 72 89 128 80 72 32 42 81 76 84 62 91 44 63 51 64 
100 70 102 65 57 63 100 68 67 58 67 55 100 66 60 91 77 65 73 36 70 104 51 84 49 63 91 60 57 84 50 77 0 67 71 59 64 75 101 59 67 64 71 71 62 72 68 68 89 54 55 66 50 55 85 64 67 74 65 62 95 51 83 38 54 49 39 62 75 77 59 81 43 82 38 94 73 83 56 106 66 76 17 78 67 76 62 110 41 101 52 62 62 100 112 104 110 57 57 52 106 66 79 76 67 62 61 64 113 20 78 55 58 71 43 60 67 84 73 80 80 77 71 71 66 64 43 100 44 38 76 102 75 56 74 39 36 59 110 74 65 73 72 30 77 66 113 78 66 55 95 46 51 94 60 98 33 61 58 72 
77 43 61 61 32 67 62 58 54 40 43 30 65 36 35 34 40 57 9 58 43 47 36 80 24 48 54 45 25 26 32 64 67 0 42 63 60 59 52 57 49 52 35 12 5 42 41 52 64 50 39 37 23 40 62 30 43 80 75 37 65 47 68 49 39 28 35 40 50 47 34 24 52 52 34 78 46 82 42 49 38 42 50 54 47 44 31 89 26 42 31 54 52 69 76 47 67 42 49 72 102 7 54 52 40 43 37 59 54 59 68 37 34 56 27 39 3 60 40 55 27 52 34 41 43 50 28 63 43 60 37 69 32 26 50 33 67 23 88 47 47 48 89 37 51 77 94 72 56 51 81 55 64 63 22 70 55 23 15 49 
57 47 73 65 44 49 84 25 69 56 41 44 31 31 30 62 58 15 51 36 1 70 38 58 38 50 44 47 57 68 48 68 71 42 0 45 64 37 63 16 28 54 57 45 47 25 40 52 50 45 17 43 39 16 45 43 46 59 86 35 68 48 44 53 41 28 39 42 45 57 38 66 29 30 38 56 62 82 40 78 42 58 54 55 5 68 41 89 30 84 25 13 10 66 98 76 80 18 16 59 96 49 66 66 42 61 45 61 96 55 35 42 45 40 69 39 45 68 50 30 46 44 52 71 38 8 32 53 47 35 5 82 53 48 59 37 73 45 86 63 26 40 73 41 67 81 112 76 14 55 47 49 53 69 44 83 40 45 41 32 
72 20 56 82 34 4 86 63 24 56 53 52 69 54 41 69 58 60 71 63 46 94 37 99 52 25 56 28 77 81 48 80 59 63 45 0 61 64 90 54 57 51 57 64 64 60 52 47 79 46 44 44 53 45 69 54 59 47 91 58 97 49 73 57 40 39 56 47 56 30 56 83 16 59 55 83 76 80 58 102 43 70 71 37 40 58 53 74 47 58 36 57 35 78 98 100 103 47 45 55 98 59 56 65 70 61 53 80 70 39 73 53 50 57 67 50 65 76 23 75 66 58 52 74 50 37 49 65 63 64 50 55 67 42 33 54 74 45 51 44 55 54 90 58 66 85 112 84 59 60 88 23 8 85 46 67 69 47 51 56 
79 49 95 51 40 65 56 47 69 46 57 44 72 61 49 84 72 57 69 68 63 57 34 70 38 46 59 43 69 72 38 23 64 60 64 61 0 69 95 56 57 18 54 60 55 67 62 22 54 40 49 55 39 48 79 61 61 91 93 57 49 37 69 57 37 46 25 60 64 39 58 74 70 74 26 86 62 90 46 49 56 65 47 40 69 64 55 85 34 93 49 59 73 81 95 51 99 50 63 48 92 55 62 64 56 75 51 53 105 51 57 54 52 54 73 35 63 74 46 72 68 66 66 25 60 71 32 68 51 68 69 64 69 44 36 27 85 47 102 63 58 62 87 45 65 85 110 66 58 9 65 63 53 87 48 87 63 49 47 66 
81 54 73 70 51 68 101 49 83 61 45 49 66 52 33 60 59 45 63 39 36 60 45 89 43 57 79 54 79 85 53 73 75 59 37 64 69 0 66 51 33 59 65 57 56 58 44 55 55 50 20 42 44 21 61 46 62 64 94 56 73 53 49 58 48 31 44 45 48 64 59 75 66 62 43 19 67 91 45 56 41 62 59 58 42 75 62 92 35 96 28 48 47 76 106 54 96 23 47 84 102 52 73 79 47 62 50 68 108 68 44 56 53 65 81 42 57 73 57 60 51 24 53 76 42 45 37 88 52 66 42 89 70 59 62 42 72 62 90 68 31 20 98 46 80 86 113 81 46 60 84 52 72 94 63 86 65 64 44 48 
107 84 113 96 70 94 110 75 92 87 71 68 92 88 73 86 88 78 61 65 62 99 71 115 62 83 105 80 77 78 79 99 101 52 63 90 95 66 0 77 59 85 87 40 57 86 70 81 81 76 46 80 61 47 87 72 88 90 120 85 99 79 75 84 74 57 70 83 88 91 82 76 79 93 69 85 84 117 71 101 79 88 85 84 65 94 83 118 61 94 54 74 60 102 128 99 105 49 70 110 128 45 92 90 73 89 76 94 106 94 85 78 79 91 79 68 55 91 87 93 77 90 82 79 68 62 63 114 78 89 68 115 84 78 88 68 110 75 116 85 57 86 73 72 89 112 140 60 77 86 110 78 98 115 74 111 91 75 53 74 
41 34 57 74 48 58 80 9 69 43 44 42 45 21 46 76 50 31 60 50 15 86 54 74 48 66 58 63 73 69 35 79 59 57 16 54 56 51 77 0 42 65 53 59 58 15 49 61 64 36 31 33 49 30 61 33 44 73 76 25 82 39 58 57 57 42 48 36 61 44 28 77 45 46 47 70 59 98 43 83 32 67 68 50 21 72 31 103 44 93 39 3 26 80 94 85 96 32 32 69 87 63 70 61 56 53 38 72 105 39 19 32 35 56 78 53 54 61 37 46 60 47 44 80 47 24 46 67 61 51 21 69 52 41 47 46 63 39 87 73 40 43 89 55 62 85 104 85 30 64 63 58 62 63 40 73 56 41 55 48 
74 56 80 58 42 59 76 42 67 46 27 37 57 38 45 58 55 43 52 32 27 89 36 77 34 48 69 45 68 72 38 64 67 49 28 57 57 33 59 42 0 44 49 50 47 44 32 40 46 17 13 50 35 12 49 39 33 35 65 34 64 20 40 49 39 24 32 53 60 57 31 66 57 58 33 52 58 82 16 89 49 50 50 50 33 66 34 85 26 85 21 39 38 69 90 87 89 14 44 75 69 45 64 64 38 58 21 59 97 58 52 27 24 56 70 35 46 44 59 49 42 57 49 64 30 36 28 78 43 61 33 77 41 32 54 33 80 35 72 47 2 53 89 37 65 77 87 72 42 48 75 40 65 66 36 79 56 37 37 36 
95 31 79 51 22 55 56 64 75 46 39 40 54 49 35 72 54 39 61 58 55 75 16 70 34 28 41 25 65 69 38 41 64 52 54 51 18 59 85 65 44 0 36 52 47 55 44 4 54 40 39 37 35 40 61 43 45 75 77 46 49 37 51 49 19 28 25 42 50 21 43 66 67 56 26 78 58 82 28 67 38 61 47 22 59 46 46 67 26 89 31 67 59 63 77 69 91 42 49 40 92 47 44 55 52 57 33 53 101 51 72 39 36 36 64 17 55 56 28 54 68 52 48 25 42 57 28 50 43 61 59 46 53 44 18 27 67 47 84 59 42 48 69 37 54 77 95 66 40 9 81 55 59 78 48 78 56 48 39 48 
81 40 83 62 26 61 51 49 78 31 34 27 33 32 37 49 58 43 44 53 58 75 20 81 33 32 20 29 60 48 23 57 71 35 57 57 54 65 87 53 49 36 0 47 33 38 39 40 53 51 45 41 34 44 54 51 34 74 66 28 85 48 72 53 23 54 36 46 22 46 25 52 43 57 35 84 57 86 33 72 42 54 54 47 52 50 22 96 30 77 51 50 51 42 41 74 94 46 51 65 103 42 48 49 51 61 28 60 89 60 59 28 25 40 62 53 38 51 43 50 33 54 52 61 37 49 32 29 47 51 62 71 42 17 43 34 71 14 79 58 47 50 73 41 50 81 112 73 44 45 80 64 65 54 13 70 46 12 42 41 
89 44 73 61 30 68 70 66 52 52 44 28 74 48 33 46 52 59 21 56 44 59 36 80 22 48 66 45 37 38 44 64 71 12 45 64 60 57 40 59 50 52 47 0 17 54 39 50 68 50 37 40 21 38 60 41 50 81 82 45 63 47 66 53 39 26 35 43 48 54 42 36 64 64 34 76 44 86 49 61 39 54 54 61 50 54 43 87 30 54 29 56 55 77 88 59 65 40 47 79 102 5 52 50 38 49 44 59 66 59 70 38 41 56 39 37 15 51 47 66 39 50 46 39 41 53 28 75 47 65 49 79 44 38 57 33 70 35 89 45 48 46 89 41 49 81 100 72 59 51 79 53 62 75 34 71 60 35 13 47 
82 48 66 56 37 68 60 54 59 36 39 32 66 37 40 29 45 54 14 55 48 42 31 75 29 43 53 40 30 31 28 59 62 5 47 64 55 56 57 58 47 47 33 17 0 43 44 51 62 45 36 32 28 35 59 25 39 78 71 33 70 42 63 44 34 33 30 37 55 52 30 19 48 57 29 75 51 77 38 44 33 37 45 56 52 49 27 94 21 47 36 55 57 74 74 42 72 37 54 70 97 12 59 54 45 48 33 54 59 54 64 33 30 51 32 44 8 56 45 55 32 57 39 46 42 55 23 62 38 56 42 64 37 22 55 28 62 19 84 52 45 53 84 32 55 72 99 67 55 46 85 60 69 59 20 65 51 21 20 46 
56 47 60 72 33 64 65 24 78 41 29 27 54 6 44 61 35 40 45 59 24 85 39 83 33 51 58 48 61 67 33 75 72 42 25 60 67 58 86 15 44 55 38 54 43 0 34 52 67 51 40 18 34 39 48 18 29 75 61 10 91 54 67 64 42 33 46 21 55 42 13 62 53 51 45 77 57 97 28 87 17 52 65 35 30 57 16 94 41 78 36 12 35 80 79 85 94 41 41 61 102 49 55 55 51 38 23 70 90 52 34 17 20 59 63 44 39 46 49 45 45 42 29 78 32 33 39 67 58 60 30 67 37 27 39 44 48 24 72 58 42 38 92 52 56 81 89 83 39 62 72 58 68 48 25 58 58 26 42 35 
85 39 75 67 43 56 66 53 65 36 5 27 62 28 44 62 50 51 50 43 40 86 49 86 33 61 49 58 66 62 28 56 68 41 40 52 62 44 70 49 32 44 39 39 44 34 0 40 59 49 24 40 34 25 21 34 23 63 55 24 77 52 53 62 52 19 41 43 59 29 21 63 48 59 40 63 57 95 16 88 39 22 51 22 45 67 24 73 39 82 16 46 50 64 80 86 78 27 56 48 101 34 65 54 51 53 11 48 94 52 63 17 14 69 68 30 44 34 36 39 46 61 44 68 2 48 39 58 56 51 35 49 31 22 26 39 70 25 50 58 30 57 102 50 55 51 104 78 50 53 85 40 60 56 26 70 56 27 26 8 
96 27 80 55 26 51 60 64 71 50 35 44 50 46 39 76 55 43 61 54 51 79 20 74 38 32 37 29 69 65 42 45 68 52 52 47 22 55 81 61 40 4 40 50 51 52 40 0 58 44 35 41 39 36 57 39 41 71 73 42 53 41 55 53 23 24 29 45 54 17 39 70 63 60 30 74 62 86 24 71 41 58 51 18 57 50 42 63 30 85 27 63 62 59 81 73 87 38 53 36 96 45 48 51 56 58 29 57 97 55 74 35 32 40 68 13 55 52 24 56 64 56 49 29 38 60 32 46 47 60 57 42 49 40 14 31 71 43 80 63 38 52 73 41 50 81 99 70 44 13 80 51 55 74 44 74 55 45 37 44 
96 78 102 83 64 83 60 64 98 60 60 56 79 61 67 76 77 65 73 54 49 104 58 102 56 70 73 67 89 86 52 77 89 64 50 79 54 55 81 64 46 54 53 68 62 67 59 58 0 63 35 73 57 34 76 61 63 77 95 57 53 66 58 71 61 46 57 76 75 75 54 81 72 80 56 74 80 104 58 103 72 77 72 73 55 88 51 107 48 106 43 61 60 91 94 104 111 32 66 94 115 63 84 78 60 80 57 81 118 81 74 57 54 78 91 57 67 80 81 79 60 79 71 29 57 58 50 82 65 80 55 100 71 46 72 55 103 43 105 81 44 75 83 59 79 99 131 94 64 45 97 67 87 83 42 99 75 41 59 63 
77 47 83 41 40 42 78 45 70 36 44 34 74 55 39 74 58 57 59 49 44 87 34 60 28 46 71 43 75 62 28 58 54 50 45 46 40 50 76 36 17 40 51 50 45 51 49 44 63 0 30 50 29 29 66 56 50 52 82 51 71 3 57 47 37 41 15 53 54 57 48 64 60 74 16 69 51 80 33 85 49 55 37 62 50 64 45 102 24 92 38 39 55 86 92 87 89 31 53 72 52 45 62 54 46 61 38 43 104 41 55 44 41 54 63 52 53 61 50 66 58 56 52 47 47 53 22 80 41 58 50 82 58 34 58 17 80 37 89 53 19 52 87 35 55 75 70 56 58 31 71 23 54 77 38 77 53 39 37 53 
61 45 67 50 31 48 83 29 63 41 25 29 46 46 34 47 42 32 43 19 16 78 25 69 23 37 59 34 59 65 33 53 55 39 17 44 49 20 46 31 13 39 45 37 36 40 24 35 35 30 0 46 24 1 41 26 42 44 74 43 53 33 29 38 28 11 24 51 49 45 40 55 46 47 23 39 47 71 25 76 47 42 39 38 22 55 43 72 15 76 8 28 27 56 86 74 76 3 33 64 82 32 53 59 27 45 30 48 88 48 39 36 33 45 61 22 37 53 48 47 31 44 36 56 22 25 17 68 32 50 22 69 50 39 42 22 71 42 70 48 11 40 78 26 60 66 96 61 31 40 64 32 52 75 43 66 45 44 24 28 
58 29 42 66 15 48 71 42 68 47 35 33 64 12 35 61 17 44 46 64 42 74 21 85 38 33 51 30 58 63 39 69 66 37 43 44 55 42 80 33 50 37 41 40 32 18 40 41 73 50 46 0 37 45 54 36 35 81 67 16 86 47 73 54 24 36 40 5 50 31 19 51 59 57 39 61 60 87 34 76 1 58 55 24 42 39 22 85 31 79 39 30 41 73 82 74 84 47 31 50 102 35 37 65 54 20 29 64 91 58 46 23 26 41 64 47 40 52 32 51 51 26 11 62 38 39 33 60 48 50 48 56 43 33 28 38 30 30 78 61 48 22 74 42 66 82 71 77 45 46 74 40 52 54 31 48 55 32 32 41 
81 33 77 40 25 57 61 49 44 31 29 7 67 28 12 57 52 42 32 43 38 65 19 59 1 31 54 28 48 49 23 43 50 23 39 53 39 44 61 49 35 35 34 21 28 34 34 39 57 29 24 37 0 23 51 36 29 66 61 24 70 26 51 32 22 21 14 32 27 43 21 47 43 59 13 63 23 65 28 57 36 40 33 50 37 49 24 73 9 65 24 46 36 72 75 59 60 25 26 58 81 16 47 49 17 55 23 38 77 38 49 17 20 39 50 32 26 46 36 45 41 29 46 46 32 34 7 63 26 44 44 67 37 17 46 12 67 20 74 24 33 25 72 20 50 60 99 51 43 30 69 48 57 56 21 50 39 22 8 38 
62 44 68 49 30 49 82 30 64 40 26 28 45 45 33 46 43 31 44 20 15 77 24 68 22 36 58 33 60 66 32 52 55 40 16 45 48 21 47 30 12 40 44 38 35 39 25 36 34 29 1 45 23 0 42 27 41 43 73 42 52 32 28 37 27 12 23 50 48 46 39 54 45 46 22 40 46 70 24 77 46 43 38 39 21 54 42 73 14 77 9 27 26 57 85 75 77 2 32 63 81 33 52 58 26 46 29 47 89 47 40 35 32 44 62 23 38 52 47 46 30 45 37 55 23 24 16 67 31 49 21 70 49 38 43 21 72 41 71 47 10 41 77 25 59 65 97 60 30 39 63 33 53 74 42 67 44 43 25 29 
102 56 92 84 64 73 81 70 86 53 22 44 76 42 61 77 67 60 68 60 46 101 64 101 50 76 66 73 84 79 45 77 85 62 45 69 79 61 87 61 49 61 54 60 59 48 21 57 76 66 41 54 51 42 0 51 40 80 72 38 94 69 70 66 67 36 58 57 76 46 35 78 65 67 57 74 74 99 33 103 53 39 68 39 50 88 32 90 54 99 33 58 55 81 95 101 99 44 61 65 118 55 86 71 60 70 28 30 111 69 80 34 31 75 86 47 62 34 53 56 61 78 61 86 19 53 56 75 60 56 40 66 48 39 43 56 84 40 67 75 47 74 108 65 72 68 121 94 59 70 90 57 77 64 41 87 61 42 47 13 
74 51 71 76 37 58 83 42 67 55 35 43 72 24 44 54 46 54 39 45 42 67 31 79 37 43 71 40 55 56 51 79 64 30 43 54 61 46 72 33 39 43 51 41 25 18 34 39 61 56 26 36 36 27 51 0 47 70 79 28 79 59 55 64 28 15 50 39 59 56 31 44 70 69 49 65 59 97 46 69 35 52 47 52 48 61 34 76 41 72 18 30 53 66 92 67 80 29 58 69 108 36 59 37 53 49 41 74 84 68 52 35 38 45 57 26 33 64 54 63 57 60 40 68 32 51 43 79 58 68 48 79 55 45 53 48 66 42 80 60 37 56 78 52 38 81 100 87 55 52 68 42 62 66 43 40 63 44 28 38 
81 58 77 62 50 63 61 49 73 31 18 22 67 23 39 57 52 31 52 61 47 81 46 81 28 58 54 55 68 57 23 70 67 43 46 59 61 62 88 44 33 45 34 50 39 29 23 41 63 50 42 35 29 41 40 47 0 64 50 19 92 48 69 59 49 38 36 38 54 48 16 58 43 48 35 81 52 92 17 83 34 41 56 41 51 67 19 86 36 59 35 41 56 76 75 81 89 43 53 67 102 45 72 49 46 55 12 60 71 47 59 12 9 66 70 49 46 35 55 16 41 56 46 68 21 54 34 63 53 59 51 68 26 17 45 34 65 20 63 53 31 52 99 47 50 70 106 73 32 52 80 59 67 51 21 65 54 22 37 27 
105 67 103 92 73 51 101 73 71 71 58 67 88 69 74 89 86 74 83 63 58 120 67 111 65 72 94 75 99 97 63 95 74 80 59 47 91 64 90 73 35 75 74 81 78 75 63 71 77 52 44 81 66 43 80 70 64 0 96 65 95 55 71 80 70 55 66 84 89 77 62 97 31 89 65 83 89 113 47 120 80 81 81 81 55 97 65 116 57 105 52 70 50 100 115 118 120 45 60 102 104 76 95 89 69 89 52 90 117 86 83 58 55 87 101 66 77 75 70 80 73 88 80 98 61 52 59 103 74 79 64 102 72 57 80 64 110 60 98 78 33 84 120 68 90 103 122 103 73 82 103 70 55 97 61 110 84 62 68 67 
113 90 109 69 82 95 93 81 105 63 50 54 99 55 71 89 84 78 84 93 85 113 78 113 60 90 86 87 100 89 55 102 65 75 86 91 93 94 120 76 65 77 66 82 71 61 55 73 95 82 74 67 61 73 72 79 50 96 0 51 124 80 101 91 81 70 68 70 86 80 48 90 75 86 67 113 84 124 49 115 66 73 82 73 91 99 51 118 68 109 67 73 91 108 107 113 121 75 85 99 134 77 104 81 78 87 44 92 121 79 91 44 41 98 102 81 78 67 87 66 73 88 78 100 53 89 66 95 85 91 86 100 58 49 77 66 97 52 95 85 63 84 131 79 82 102 138 105 77 84 112 91 99 83 53 97 86 54 69 59 
66 45 58 62 31 62 55 34 68 31 19 17 61 4 34 51 33 47 43 62 34 75 37 81 23 49 48 46 59 57 23 65 62 37 35 58 57 56 85 25 34 46 28 45 33 10 24 42 57 51 43 16 24 42 38 28 19 65 51 0 92 48 70 54 40 39 36 19 45 45 3 52 43 41 35 75 47 87 18 77 15 42 55 38 40 55 6 87 31 76 36 22 45 70 69 75 84 44 45 64 103 40 53 49 41 36 13 60 88 42 44 7 10 57 61 50 37 36 48 35 35 40 27 68 22 43 29 57 48 53 40 69 27 17 42 34 46 14 64 48 32 36 90 42 50 71 87 73 46 52 80 56 66 38 15 60 48 16 32 25 
114 80 120 82 71 94 55 82 105 77 78 75 97 96 80 98 95 83 74 72 67 106 65 101 69 77 90 74 90 91 69 72 95 65 68 97 49 73 99 82 64 49 85 63 70 91 77 53 53 71 53 86 70 52 94 79 92 95 124 92 0 68 80 88 68 64 56 91 95 70 89 89 97 98 57 92 93 121 76 98 87 95 78 71 73 95 86 116 65 107 61 79 78 109 126 100 118 54 84 89 123 58 93 95 78 98 81 84 119 82 92 85 83 85 92 66 68 104 77 98 82 97 89 24 75 76 63 99 82 99 73 95 97 75 67 58 116 78 123 94 62 93 80 76 96 116 141 97 82 40 112 85 102 118 79 118 94 80 66 81 
80 50 86 38 37 45 75 48 70 33 47 31 77 52 36 71 61 54 56 52 47 84 31 57 25 43 68 40 72 59 25 55 51 47 48 49 37 53 79 39 20 37 48 47 42 54 52 41 66 3 33 47 26 32 69 59 48 55 80 48 68 0 60 44 34 44 12 50 51 58 45 61 57 71 13 72 49 77 36 83 46 52 34 59 53 61 42 99 21 89 41 42 58 89 89 84 86 34 50 69 55 42 59 51 43 64 41 40 101 38 58 41 39 51 60 54 50 62 53 64 55 53 55 44 50 56 19 77 38 55 53 79 56 31 55 14 77 34 92 50 22 49 84 32 52 72 73 53 55 28 68 26 57 74 35 74 50 36 34 56 
90 72 96 77 58 77 107 58 92 68 54 56 73 73 61 70 71 59 72 48 43 105 52 96 50 64 86 61 88 94 60 80 83 68 44 73 69 49 75 58 40 51 72 66 63 67 53 55 58 57 29 73 51 28 70 55 69 71 101 70 80 60 0 65 55 40 51 78 76 72 67 82 73 74 50 68 74 98 52 102 74 71 66 67 49 82 70 87 42 105 37 55 54 85 113 103 105 26 60 91 109 61 80 86 54 74 57 75 117 75 68 63 60 72 90 51 66 80 75 74 54 73 65 76 51 52 44 95 59 77 49 97 77 66 69 49 100 69 99 75 38 69 105 53 87 93 125 88 58 60 91 61 81 102 70 95 72 71 53 57 
98 53 96 58 39 61 84 66 65 49 59 37 82 58 42 73 71 56 58 57 52 78 33 77 31 45 73 42 74 75 41 61 38 49 53 57 57 58 84 57 49 49 53 53 44 64 62 53 71 47 38 54 32 37 66 64 59 80 91 54 88 44 65 0 36 49 32 59 55 63 51 63 72 73 31 77 55 45 58 74 55 58 35 64 54 63 54 105 23 91 46 60 53 94 94 72 92 39 43 38 99 48 61 67 49 74 53 36 103 18 76 47 50 53 61 60 52 76 56 71 66 59 65 64 60 51 25 82 6 24 58 85 67 47 60 30 50 47 104 56 47 55 86 34 68 28 117 69 57 48 86 44 49 86 46 80 19 45 40 64 
82 23 66 48 9 44 74 57 64 39 49 27 56 36 16 59 41 26 48 47 42 76 3 67 21 15 43 12 52 64 31 51 54 39 41 40 37 48 74 57 39 19 23 39 34 42 52 23 61 37 28 24 22 27 67 28 49 70 81 40 68 34 55 36 0 39 22 29 31 33 41 53 56 43 21 67 45 69 47 78 25 48 37 40 41 33 44 79 13 81 36 54 40 65 64 76 78 29 30 58 89 34 31 57 39 44 43 46 93 46 53 37 40 17 51 36 42 66 26 41 56 33 35 44 50 38 15 52 30 48 46 58 57 37 36 20 54 37 91 46 37 29 50 24 58 64 95 59 27 28 73 47 48 76 36 68 43 35 26 54 
72 44 56 61 30 43 81 40 52 51 20 28 57 39 33 58 31 43 37 30 27 75 36 80 22 48 61 45 53 54 43 64 49 28 28 39 46 31 57 42 24 28 54 26 33 33 19 24 46 41 11 36 21 12 36 15 38 55 70 39 64 44 40 49 39 0 35 41 48 41 36 52 55 58 34 50 44 82 31 77 37 37 32 37 33 54 39 61 26 70 3 39 38 51 95 75 65 14 44 54 93 21 52 52 38 34 26 59 82 53 50 32 29 56 55 11 31 49 47 54 42 50 25 53 17 36 28 64 43 53 33 64 46 37 38 33 60 40 65 45 22 46 87 37 53 66 85 72 42 37 75 27 47 71 41 55 48 42 13 23 
71 39 82 26 25 57 63 39 58 21 36 19 68 40 24 59 57 42 44 43 38 72 19 45 13 31 56 28 60 47 13 43 39 35 39 56 25 44 70 48 32 25 36 35 30 46 41 29 57 15 24 40 14 23 58 50 36 66 68 36 56 12 51 32 22 35 0 45 39 46 33 49 45 59 1 63 37 65 35 71 41 40 22 47 44 49 30 87 9 77 32 50 48 78 77 72 74 25 38 57 67 30 47 39 31 60 30 28 89 26 49 29 27 39 48 42 38 50 42 52 43 41 51 32 39 46 7 65 26 43 44 67 44 19 43 2 70 22 81 38 33 37 72 20 40 60 85 41 43 16 56 38 57 62 23 62 38 24 22 45 
63 34 47 71 20 51 74 45 71 50 38 36 67 15 38 65 22 49 49 59 43 79 26 80 33 38 54 35 63 66 42 74 62 40 42 47 60 45 83 36 53 42 46 43 37 21 43 45 76 53 51 5 32 50 57 39 38 84 70 19 91 50 78 59 29 41 45 0 53 34 22 56 55 60 44 64 55 92 37 81 4 61 56 27 37 44 25 90 36 82 44 33 36 76 87 79 89 52 26 53 105 38 42 68 49 25 32 69 94 61 49 26 29 46 67 52 43 55 37 54 54 29 16 67 41 34 38 63 53 45 47 59 46 36 31 43 35 33 81 56 51 25 79 43 69 87 76 82 50 51 69 45 55 57 34 53 50 35 37 44 
94 36 81 65 40 60 73 62 71 53 54 32 55 49 15 68 67 53 59 62 46 92 34 83 26 46 42 43 75 70 45 68 75 50 45 56 64 48 88 61 60 50 22 48 55 55 59 54 75 54 49 50 27 48 76 59 54 89 86 45 95 51 76 55 31 48 39 53 0 46 46 74 58 70 38 67 50 90 53 84 49 65 58 50 40 64 44 100 34 92 51 58 39 64 63 86 87 50 29 68 106 43 62 71 44 70 48 63 104 63 52 42 45 48 77 59 53 71 39 68 55 32 61 71 57 37 32 51 51 48 50 71 62 39 46 37 80 36 99 51 58 28 81 45 72 83 121 76 54 55 72 60 64 76 35 75 53 34 35 63 
85 10 73 72 24 34 77 53 54 61 30 48 39 41 31 81 48 53 56 64 56 86 30 91 42 42 26 39 67 54 53 50 77 47 57 30 39 64 91 44 57 21 46 54 52 42 29 17 75 57 45 31 43 46 46 56 48 77 80 45 70 58 72 63 33 41 46 34 46 0 46 71 46 70 47 83 66 96 41 78 30 47 60 7 56 48 49 80 40 68 41 47 55 48 87 80 76 48 45 25 109 49 46 68 60 51 36 73 80 60 63 42 39 50 74 30 50 59 7 45 71 48 42 46 27 53 42 35 57 49 60 25 56 47 3 47 61 50 75 67 55 44 83 51 67 76 102 86 54 30 88 34 38 71 51 57 44 52 41 33 
69 48 61 59 34 60 52 37 65 28 16 14 58 7 31 48 36 44 43 59 37 72 38 78 20 50 45 47 59 54 20 62 59 34 38 56 58 59 82 28 31 43 25 42 30 13 21 39 54 48 40 19 21 39 35 31 16 62 48 3 89 45 67 51 41 36 33 22 46 46 0 49 40 38 32 78 44 84 15 74 18 39 52 39 43 58 3 84 28 75 33 25 48 67 66 72 81 41 45 64 100 37 56 46 38 39 10 57 87 39 47 4 7 58 61 47 37 33 51 32 32 43 30 65 19 46 26 54 45 50 43 66 24 14 43 31 49 11 61 45 29 39 91 39 47 68 90 70 43 49 77 57 64 35 12 57 45 13 29 22 
97 67 85 75 56 87 79 73 78 55 58 51 85 56 59 48 64 73 33 74 67 29 50 94 48 62 72 59 49 50 47 78 81 24 66 83 74 75 76 77 66 66 52 36 19 62 63 70 81 64 55 51 47 54 78 44 58 97 90 52 89 61 82 63 53 52 49 56 74 71 49 0 67 76 48 58 59 96 57 25 52 56 64 75 71 68 46 113 40 65 55 74 76 81 93 23 91 56 73 89 116 31 78 73 64 67 52 73 77 73 83 52 49 70 51 63 27 75 64 74 51 76 58 65 61 74 42 68 57 75 61 83 56 41 74 47 81 38 103 71 64 72 103 51 74 75 118 86 74 65 104 79 88 78 39 84 70 40 39 65 
86 36 72 71 50 20 70 54 40 40 43 36 60 47 43 66 74 44 61 62 30 89 53 83 42 41 63 44 77 66 32 84 43 52 29 16 70 66 79 45 57 67 43 64 48 53 48 63 72 60 46 59 43 45 65 70 43 31 75 43 97 57 73 72 56 55 45 55 58 46 40 67 0 59 44 85 66 91 42 92 58 66 60 53 24 74 37 90 50 74 52 42 19 85 84 90 93 47 29 71 112 59 72 58 60 77 37 69 86 55 64 37 34 69 79 66 55 60 39 59 50 60 68 77 46 21 48 72 66 48 34 71 51 26 49 43 79 29 67 60 55 56 102 61 59 72 128 82 43 61 72 39 24 69 30 79 53 31 51 52 
87 60 89 85 46 63 84 55 83 60 54 52 61 45 55 77 64 17 43 66 31 99 40 88 58 52 74 49 27 78 52 88 82 52 30 59 74 62 93 46 58 56 57 64 57 51 59 60 80 74 47 57 59 46 67 69 48 89 86 41 98 71 74 73 43 58 59 60 70 70 38 76 59 0 58 81 82 106 53 101 56 77 65 70 35 46 35 92 50 88 55 43 40 71 98 99 110 48 46 89 126 59 68 68 72 67 48 83 100 77 65 42 45 60 73 69 49 71 63 32 61 46 58 81 57 38 52 83 67 65 35 95 55 46 73 57 87 43 99 83 56 42 77 52 69 101 118 96 16 65 77 79 67 67 44 95 70 45 63 54 
70 38 81 27 24 58 62 38 57 20 35 18 67 39 23 58 56 41 43 42 37 71 18 46 12 30 55 27 59 46 12 42 38 34 38 55 26 43 69 47 33 26 35 34 29 45 40 30 56 16 23 39 13 22 57 49 35 65 67 35 57 13 50 31 21 34 1 44 38 47 32 48 44 58 0 62 36 64 34 70 40 39 21 48 43 48 29 86 8 76 31 49 47 77 76 71 73 24 37 56 68 29 46 38 30 59 29 27 88 25 48 28 26 38 47 43 37 49 41 51 42 40 50 33 38 45 6 64 25 42 43 66 43 18 44 1 69 21 80 37 32 36 71 19 39 59 86 40 42 17 57 39 56 61 22 61 37 23 21 44 
100 73 92 89 70 87 82 68 102 80 64 68 85 71 52 79 78 64 82 58 55 41 64 108 62 76 89 73 98 104 72 92 94 78 56 83 86 19 85 70 52 78 84 76 75 77 63 74 74 69 39 61 63 40 74 65 81 83 113 75 92 72 68 77 67 50 63 64 67 83 78 58 85 81 62 0 71 110 64 37 60 81 78 77 61 94 80 111 54 77 47 67 66 93 125 35 115 42 66 91 121 71 92 98 66 81 69 87 89 87 63 75 72 84 100 61 76 92 76 79 70 43 72 95 61 64 56 80 71 77 61 108 89 78 81 61 91 81 109 87 50 39 117 65 99 105 132 100 65 79 103 71 91 112 82 105 72 83 63 61 
100 56 100 63 48 80 84 68 67 54 52 30 90 51 35 80 75 65 55 66 61 42 42 82 24 54 77 51 71 72 46 66 73 46 62 76 62 67 84 59 58 58 57 44 51 57 57 62 80 51 47 60 23 46 74 59 52 89 84 47 93 49 74 55 45 44 37 55 50 66 44 59 66 82 36 71 0 88 51 34 59 63 56 73 60 72 47 96 32 78 47 62 59 90 98 36 83 48 49 81 103 39 70 72 39 78 46 61 90 61 72 40 43 62 73 55 49 69 59 68 64 52 69 69 55 57 30 77 49 67 67 90 60 40 69 35 90 43 97 47 56 48 95 43 73 83 97 74 66 53 92 71 80 79 44 73 62 45 31 61 
132 86 129 91 72 84 124 100 88 82 92 70 113 91 75 106 104 89 91 90 83 90 66 110 64 78 106 75 107 108 74 94 83 82 82 80 90 91 117 98 82 82 86 86 77 97 95 86 104 80 71 87 65 70 99 97 92 113 124 87 121 77 98 45 69 82 65 92 90 96 84 96 91 106 64 110 88 0 91 86 88 91 68 97 77 96 87 138 56 122 79 95 72 127 127 84 125 72 76 71 132 81 94 100 82 107 86 69 134 63 110 80 83 86 94 93 85 109 89 104 100 92 98 97 93 74 58 115 39 57 87 118 100 80 93 63 83 83 131 89 80 88 119 67 101 73 150 102 90 81 119 89 72 119 84 113 52 85 73 97 
80 51 76 61 49 62 60 48 72 30 11 21 66 22 38 56 51 45 51 44 39 80 44 80 27 56 53 53 67 56 22 69 56 42 40 58 46 45 71 43 16 28 33 49 38 28 16 24 58 33 25 34 28 24 33 46 17 47 49 18 76 36 52 58 47 31 35 37 53 41 15 57 42 53 34 64 51 91 0 82 33 34 55 34 45 66 18 79 35 76 28 40 50 75 74 80 88 26 52 60 85 44 71 48 45 54 5 59 88 46 58 11 8 64 69 37 45 28 48 33 40 55 45 53 14 48 33 62 52 58 45 61 25 16 38 33 64 19 56 52 14 51 97 46 49 63 103 72 44 37 79 52 66 50 20 64 53 21 36 20 
106 88 98 92 81 106 104 74 101 80 83 64 65 81 69 73 73 93 58 95 79 8 75 116 58 87 52 84 74 75 72 72 106 49 78 102 49 56 101 83 89 67 72 61 44 87 88 71 103 85 76 76 57 77 103 69 83 120 115 77 98 83 102 74 78 77 71 81 84 78 74 25 92 101 70 37 34 86 82 0 77 81 89 79 73 93 71 130 65 44 80 86 78 56 113 2 116 79 83 97 137 56 103 98 73 88 77 95 56 92 84 74 74 95 76 84 52 100 85 99 76 80 79 74 86 76 64 43 68 86 83 87 81 66 75 69 106 63 121 81 87 76 128 76 99 100 131 108 92 58 114 104 94 103 64 107 81 65 64 90 
59 30 43 67 16 47 70 41 67 46 34 32 63 11 34 61 18 45 47 63 41 75 22 84 37 34 50 31 59 64 38 70 66 38 42 43 56 41 79 32 49 38 42 39 33 17 39 41 72 49 47 1 36 46 53 35 34 80 66 15 87 46 74 55 25 37 41 4 49 30 18 52 58 56 40 60 59 88 33 77 0 57 56 23 41 40 21 86 32 80 40 29 40 72 83 75 85 48 30 49 101 34 38 64 53 21 28 65 92 57 45 22 25 42 65 48 41 51 33 50 50 25 12 63 37 38 34 59 49 49 47 55 42 32 27 39 31 29 77 60 47 21 75 43 65 83 72 78 46 47 73 41 51 53 30 49 54 31 33 40 
71 57 55 66 51 74 81 71 84 54 23 45 80 46 50 66 68 68 51 61 58 79 45 85 39 57 67 54 67 68 46 69 76 42 58 70 65 62 88 67 50 61 54 54 37 52 22 58 77 55 42 58 40 43 39 52 41 81 73 42 95 52 71 58 48 37 40 61 65 47 39 56 66 77 39 81 63 91 34 81 57 0 59 40 63 75 42 91 35 70 34 64 68 82 95 79 100 45 64 66 107 49 73 72 56 71 29 26 82 64 81 35 32 65 69 48 45 52 54 57 63 56 62 72 20 66 33 76 52 52 53 27 49 40 44 38 88 43 68 64 48 60 98 46 73 69 122 77 68 56 95 58 78 74 43 88 57 42 48 26 
91 54 88 48 40 75 83 59 77 41 52 38 83 59 43 74 63 48 56 53 53 87 34 67 32 46 74 43 72 67 33 60 17 50 54 71 47 59 85 68 50 47 54 54 45 65 51 51 72 37 39 55 33 38 68 47 56 81 82 55 78 34 66 35 37 32 22 56 58 60 52 64 60 65 21 78 56 68 55 89 56 59 0 61 51 64 50 93 24 89 35 65 50 83 95 87 93 40 40 35 89 49 62 59 50 66 50 47 101 37 69 48 47 54 26 43 50 70 57 63 63 60 57 54 49 48 26 83 29 21 59 85 64 39 57 22 53 42 97 57 48 56 55 13 60 63 107 61 49 38 78 59 68 82 43 81 16 44 41 55 
82 17 66 73 31 41 78 59 61 54 23 45 40 34 38 80 41 53 63 57 54 87 37 92 49 49 27 46 74 55 46 51 78 54 55 37 40 58 84 50 50 22 47 61 56 35 22 18 73 62 38 24 50 39 39 52 41 81 73 38 71 59 67 64 40 37 47 27 50 7 39 75 53 70 48 77 73 97 34 79 23 40 61 0 60 55 42 81 47 75 34 47 62 49 88 81 77 41 52 26 114 56 53 69 65 44 29 66 87 67 68 35 32 57 81 31 57 52 14 38 64 48 35 47 20 60 49 36 58 50 53 32 49 40 4 49 54 43 68 74 48 44 90 58 68 69 95 88 54 31 93 41 45 64 44 64 45 45 48 26 
62 46 78 70 49 44 79 30 64 57 46 42 36 36 25 67 53 20 56 41 6 65 43 63 36 55 49 52 62 73 49 73 67 47 5 40 69 42 65 21 33 59 52 50 52 30 45 57 55 50 22 42 37 21 50 48 51 55 91 40 73 53 49 54 41 33 44 37 40 56 43 71 24 35 43 61 60 77 45 73 41 63 51 60 0 73 46 94 35 89 30 18 5 71 93 71 75 23 11 54 91 50 71 71 47 56 50 56 101 60 40 47 50 45 74 44 50 73 49 35 51 42 47 76 43 3 37 58 48 30 10 81 58 43 59 42 72 40 91 61 31 38 78 46 72 82 107 81 19 60 52 54 48 74 39 85 35 40 45 37 
97 38 81 75 24 62 94 81 80 64 67 54 83 51 49 69 56 53 35 74 69 91 30 94 48 42 70 39 19 70 56 78 76 44 68 58 64 75 94 72 66 46 50 54 49 57 67 50 88 64 55 39 49 54 88 61 67 97 99 55 95 61 82 63 33 54 49 44 64 48 58 68 74 46 48 94 72 96 66 93 40 75 64 55 73 0 61 46 40 80 57 69 73 63 91 91 93 56 63 73 116 49 46 82 66 59 61 73 92 73 85 61 58 50 65 63 41 84 41 68 53 65 50 71 69 71 42 76 57 75 73 55 70 50 51 47 69 53 69 73 64 61 83 51 83 91 110 86 54 55 104 62 66 93 54 85 70 55 41 75 
72 51 64 56 37 57 49 40 68 25 19 17 55 10 34 45 39 47 40 62 40 69 41 75 23 53 42 50 56 51 17 65 62 31 41 53 55 62 83 31 34 46 22 43 27 16 24 42 51 45 43 22 24 42 32 34 19 65 51 6 86 42 70 54 44 39 30 25 44 49 3 46 37 35 29 80 47 87 18 71 21 42 50 42 46 61 0 87 31 73 36 28 47 64 63 69 84 44 48 61 97 38 59 43 41 42 13 54 85 42 50 7 10 61 58 50 34 36 54 35 29 46 33 62 22 45 29 51 48 47 46 69 27 11 46 28 52 8 64 48 32 42 94 42 44 71 93 67 46 46 74 60 61 32 9 60 42 10 32 19 
133 84 117 113 70 70 123 101 69 99 68 80 113 89 85 115 92 99 81 91 88 126 76 132 74 88 100 85 65 86 91 108 110 89 89 74 85 92 118 103 85 67 96 87 94 94 73 63 107 102 72 85 73 73 90 76 86 116 118 87 116 99 87 105 79 61 87 90 100 80 84 113 90 92 86 111 96 138 79 130 86 91 93 81 94 46 87 0 82 100 64 100 99 109 137 132 66 75 99 93 119 82 92 113 90 95 74 111 112 111 111 80 77 96 71 50 87 97 87 102 99 102 86 92 71 97 80 109 99 114 94 101 94 85 77 85 115 88 23 49 83 98 129 93 113 120 146 120 100 76 136 88 82 119 89 116 109 90 74 77 
76 30 73 35 16 51 68 44 53 26 36 14 59 35 19 50 48 33 35 34 29 63 10 54 8 22 50 19 51 52 18 38 41 26 30 47 34 35 61 44 26 26 30 30 21 41 39 30 48 24 15 31 9 14 54 41 36 57 68 31 65 21 42 23 13 26 9 36 34 40 28 40 50 50 8 54 32 56 35 65 32 35 24 47 35 40 31 82 0 68 23 41 40 71 71 63 69 16 33 49 76 25 38 44 26 51 30 33 80 33 54 24 27 30 50 37 29 53 33 48 44 36 42 41 37 38 2 59 17 35 35 62 44 24 43 7 61 27 81 33 24 32 63 11 45 51 94 46 34 25 64 47 55 63 28 57 30 29 17 41 
117 78 101 103 74 62 104 100 66 82 77 72 88 72 77 76 76 90 45 95 85 36 78 122 66 83 75 86 61 68 74 106 101 42 84 58 93 96 94 93 85 89 77 54 47 78 82 85 106 92 76 79 65 77 99 72 59 105 109 76 107 89 105 91 81 70 77 82 92 68 75 65 74 88 76 77 78 122 76 44 80 70 89 75 89 80 73 100 68 0 68 90 93 79 118 42 109 79 91 93 144 49 96 94 82 79 71 96 12 81 110 71 68 98 63 81 39 94 75 75 63 94 70 83 80 92 70 66 85 102 79 43 68 68 71 75 105 65 77 86 83 90 131 79 93 119 130 114 91 93 123 81 50 105 64 112 97 65 57 86 
69 47 59 58 33 40 78 37 55 48 17 31 54 40 36 55 34 40 35 27 24 78 33 77 25 45 61 42 51 57 40 61 52 31 25 36 49 28 54 39 21 31 51 29 36 36 16 27 43 38 8 39 24 9 33 18 35 52 67 36 61 41 37 46 36 3 32 44 51 41 33 55 52 55 31 47 47 79 28 80 40 34 35 34 30 57 36 64 23 68 0 36 35 48 92 78 68 11 41 57 90 24 55 55 35 37 23 56 80 50 47 29 26 53 53 14 29 46 48 51 39 52 28 56 14 33 25 61 40 56 30 61 43 34 38 30 63 37 62 48 19 48 86 34 56 63 88 69 39 40 72 24 44 68 38 58 51 39 16 20 
44 37 60 76 45 61 77 12 72 46 41 39 42 18 43 73 47 28 57 47 12 83 51 71 45 63 55 60 70 72 38 79 62 54 13 57 59 48 74 3 39 67 50 56 55 12 46 63 61 39 28 30 46 27 58 30 41 70 73 22 79 42 55 60 54 39 50 33 58 47 25 74 42 43 49 67 62 95 40 86 29 64 65 47 18 69 28 100 41 90 36 0 23 77 91 88 93 29 29 72 90 60 67 64 53 50 35 74 102 42 22 29 32 53 75 50 51 58 40 43 57 50 41 82 44 21 43 64 58 48 18 72 49 39 50 48 60 36 84 70 37 46 86 52 65 88 101 87 27 66 60 60 65 60 37 70 53 38 52 45 
67 45 83 74 49 39 78 35 59 56 51 41 41 41 24 72 58 25 61 43 11 70 43 64 35 55 54 52 67 78 48 77 62 52 10 35 73 47 60 26 38 59 51 55 57 35 50 62 60 55 27 41 36 26 55 53 56 50 91 45 78 58 54 53 40 38 48 36 39 55 48 76 19 40 47 66 59 72 50 78 40 68 50 62 5 73 47 99 40 93 35 23 0 76 92 76 74 28 10 53 96 52 71 74 52 61 53 55 105 65 45 51 50 50 76 49 55 76 48 40 56 41 52 80 48 2 41 63 47 29 15 80 63 42 58 46 71 39 86 60 36 37 83 51 75 81 112 85 24 64 53 58 43 79 38 84 34 39 44 42 
117 58 107 104 68 82 93 85 102 73 65 69 35 74 79 91 82 81 60 75 65 58 62 112 73 74 22 71 44 49 65 59 100 69 66 78 81 76 102 80 69 63 42 77 74 80 64 59 91 86 56 73 72 57 81 66 76 100 108 70 109 89 85 94 65 51 78 76 64 48 67 81 85 71 77 93 90 127 75 56 72 82 83 49 71 63 64 109 71 79 48 77 76 0 83 58 116 59 82 67 138 72 90 91 83 85 70 102 91 98 95 70 67 82 90 62 66 93 55 87 75 96 76 88 62 74 73 13 88 91 71 73 84 59 45 76 103 56 110 86 67 92 115 82 92 111 136 115 80 72 101 72 86 96 55 105 86 54 64 68 
122 81 124 103 67 102 92 90 119 72 75 68 74 73 78 90 99 84 85 94 99 116 61 122 74 73 61 70 101 89 64 98 112 76 98 98 95 106 128 94 90 77 41 88 74 79 80 81 94 92 86 82 75 85 95 92 75 115 107 69 126 89 113 94 64 95 77 87 63 87 66 93 84 98 76 125 98 127 74 113 83 95 95 88 93 91 63 137 71 118 92 91 92 83 0 115 135 87 92 106 144 83 89 90 92 102 69 101 130 101 100 69 66 81 103 94 79 92 84 91 74 95 93 102 78 90 73 70 88 92 103 112 83 58 84 75 112 55 120 99 88 91 114 82 91 122 153 114 85 86 121 105 106 95 54 111 87 53 83 82 
108 90 96 90 79 104 102 76 101 78 81 66 67 79 71 71 71 91 56 93 77 6 73 117 60 85 54 82 72 73 70 74 104 47 76 100 51 54 99 85 87 69 74 59 42 85 86 73 104 87 74 74 59 75 101 67 81 118 113 75 100 84 103 72 76 75 72 79 86 80 72 23 90 99 71 35 36 84 80 2 75 79 87 81 71 91 69 132 63 42 78 88 76 58 115 0 114 77 82 98 139 54 101 96 75 86 75 96 54 90 86 75 72 93 74 82 50 98 87 97 74 78 77 76 84 74 65 45 66 84 81 85 79 64 77 70 104 61 119 83 85 74 126 74 97 98 133 109 90 60 116 102 92 101 62 107 79 63 62 88 
99 83 115 100 69 107 121 105 91 91 83 67 109 88 72 101 96 95 76 95 81 114 75 119 61 87 96 84 92 93 83 103 110 67 80 103 99 96 105 96 89 91 94 65 72 94 78 87 111 89 76 84 60 77 99 80 89 120 121 84 118 86 105 92 78 65 74 89 87 76 81 91 93 110 73 115 83 125 88 116 85 100 93 77 75 93 84 66 69 109 68 93 74 116 135 114 0 79 80 95 53 60 91 105 77 99 83 98 121 98 109 77 80 95 94 76 70 106 83 105 94 89 90 94 80 72 67 105 86 99 85 101 97 77 73 72 114 80 89 84 87 85 128 80 104 120 150 111 94 90 123 92 101 116 81 110 99 82 52 86 
64 46 70 51 32 51 84 32 66 42 28 30 47 47 35 44 45 33 46 22 17 79 26 70 24 38 60 35 62 68 34 54 57 42 18 47 50 23 49 32 14 42 46 40 37 41 27 38 32 31 3 47 25 2 44 29 43 45 75 44 54 34 26 39 29 14 25 52 50 48 41 56 47 48 24 42 48 72 26 79 48 45 40 41 23 56 44 75 16 79 11 29 28 59 87 77 79 0 34 65 83 35 54 60 28 48 31 49 91 49 42 37 34 46 64 25 40 54 49 48 28 47 39 57 25 26 18 69 33 51 23 72 51 40 45 23 74 43 73 49 12 43 79 27 61 67 99 62 32 41 65 35 55 76 44 69 46 45 27 31 
73 35 73 64 39 49 84 41 69 55 53 31 47 41 14 67 48 31 58 33 17 76 33 54 25 45 60 42 73 75 47 67 57 49 16 45 63 47 70 32 44 49 51 47 54 41 56 53 66 53 33 31 26 32 61 58 53 60 85 45 84 50 60 43 30 44 38 26 29 45 45 73 29 46 37 66 49 76 52 83 30 64 40 52 11 63 48 99 33 91 41 29 10 82 92 82 80 34 0 43 102 42 61 73 43 51 47 45 103 61 51 41 44 47 66 55 52 70 38 46 62 31 42 70 54 8 31 69 37 19 21 70 61 41 48 36 61 44 96 50 42 27 80 44 73 71 102 75 30 54 43 59 53 80 44 74 24 45 34 48 
108 35 92 83 49 59 92 78 79 70 49 63 58 60 56 88 67 74 81 76 60 104 55 78 57 67 45 64 92 73 62 25 52 72 59 55 48 84 110 69 75 40 65 79 70 61 48 36 94 72 64 50 58 63 65 69 67 102 99 64 89 69 91 38 58 54 57 53 68 25 64 89 71 89 56 91 81 71 60 97 49 66 35 26 54 73 61 93 49 93 57 72 53 67 106 98 95 65 43 0 118 74 71 87 75 70 55 50 105 56 88 61 58 62 61 43 75 78 32 64 72 73 61 65 46 51 51 54 32 24 64 50 75 56 22 56 76 53 94 82 73 69 90 48 86 66 121 95 73 49 67 59 63 59 52 82 19 53 66 52 
46 99 62 93 92 94 130 78 122 88 96 86 126 107 91 81 87 109 111 101 96 139 86 112 80 98 123 95 127 114 80 110 106 102 96 98 92 102 128 87 69 92 103 102 97 102 101 96 115 52 82 102 81 81 118 108 102 104 134 103 123 55 109 99 89 93 67 105 106 109 100 116 112 126 68 121 103 132 85 137 101 107 89 114 91 116 97 119 76 144 90 90 96 138 144 139 53 83 102 118 0 97 114 106 98 102 90 95 156 93 88 96 93 106 115 104 105 113 102 118 97 108 93 99 99 94 74 132 93 110 101 134 110 86 110 69 128 89 141 105 71 104 139 87 107 112 122 108 110 83 105 75 106 129 90 129 105 91 89 105 
84 39 68 56 25 63 65 61 47 47 39 23 72 43 28 41 47 54 16 51 48 54 31 75 17 43 61 40 32 33 39 59 66 7 49 59 55 52 45 63 45 47 42 5 12 49 34 45 63 45 32 35 16 33 55 36 45 76 77 40 58 42 61 48 34 21 30 38 43 49 37 31 59 59 29 71 39 81 44 56 34 49 49 56 50 49 38 82 25 49 24 60 52 72 83 54 60 35 42 74 97 0 47 45 33 44 39 54 61 54 65 33 36 51 34 32 10 56 42 61 34 45 41 34 36 50 23 70 42 60 44 74 39 33 52 28 65 30 84 40 43 41 84 36 44 76 95 67 55 46 74 48 57 70 29 66 55 30 8 42 
95 36 79 73 22 60 99 79 78 64 70 52 81 49 47 84 54 51 63 72 67 95 28 92 46 40 68 37 65 77 56 76 79 54 66 56 62 73 92 70 64 44 48 52 59 55 65 48 84 62 53 37 47 52 86 59 72 95 104 53 93 59 80 61 31 52 47 42 62 46 56 78 72 68 46 92 70 94 71 103 38 73 62 53 71 46 59 92 38 96 55 67 71 90 89 101 91 54 61 71 114 47 0 82 64 57 66 71 108 71 83 60 63 48 76 61 57 89 39 66 81 63 48 69 67 69 40 77 55 73 71 71 80 62 49 45 67 62 107 71 62 59 81 49 83 89 108 84 52 53 102 60 64 91 61 83 68 60 39 73 
84 74 96 65 60 61 76 52 89 18 49 42 82 53 59 72 82 51 61 78 67 96 54 42 48 66 69 63 77 44 26 73 76 52 66 65 64 79 90 61 64 55 49 50 54 55 54 51 78 54 59 65 49 58 71 37 49 89 81 49 95 51 86 67 57 52 39 68 71 68 46 73 58 68 38 98 72 100 48 98 64 72 59 69 71 82 43 113 44 94 55 64 74 91 90 96 105 60 73 87 106 45 82 0 66 85 43 63 106 63 62 43 40 74 79 63 55 66 75 65 56 72 76 71 52 72 42 78 61 74 71 93 57 32 65 37 95 35 94 73 62 72 99 55 1 95 80 76 52 55 31 77 73 75 36 77 69 37 53 58 
88 50 86 57 42 74 78 56 61 48 46 24 71 45 29 72 69 57 49 46 41 81 36 76 18 48 71 45 65 66 40 60 67 40 42 70 56 47 73 56 38 52 51 38 45 51 51 56 60 46 27 54 17 26 60 53 46 69 78 41 78 43 54 49 39 38 31 49 44 60 38 64 60 72 30 66 39 82 45 73 53 56 50 65 47 66 41 90 26 82 35 53 52 83 92 75 77 28 43 75 98 33 64 66 0 72 40 30 94 55 66 34 37 56 67 49 43 63 53 62 56 46 63 63 49 50 24 80 43 56 47 83 54 34 63 29 84 37 91 41 36 42 89 37 67 77 116 68 56 47 86 59 74 73 38 67 56 39 25 55 
56 49 40 86 35 57 91 62 85 67 54 53 56 32 55 77 15 64 46 64 61 90 41 105 56 53 69 50 62 69 59 89 62 43 61 61 75 62 89 53 58 57 61 49 48 38 53 58 80 61 45 20 55 46 70 49 55 89 87 36 98 64 74 74 44 34 60 25 70 51 39 67 77 67 59 81 78 107 54 88 21 71 66 44 56 59 42 95 51 79 37 50 61 85 102 86 99 48 51 70 102 44 57 85 72 0 49 84 91 64 66 43 46 61 64 45 40 72 52 71 64 46 9 78 51 59 53 78 68 70 66 48 63 53 48 58 26 50 98 79 56 42 94 62 86 100 51 96 65 66 94 38 69 74 51 68 75 52 47 57 
75 46 71 56 44 57 55 43 67 25 6 16 61 17 33 51 46 40 46 49 44 75 40 75 22 52 48 49 62 51 17 64 61 37 45 53 51 50 76 38 21 33 28 44 33 23 11 29 57 38 30 29 23 29 28 41 12 52 44 13 81 41 57 53 43 26 30 32 48 36 10 52 37 48 29 69 46 86 5 77 28 29 50 29 50 61 13 74 30 71 23 35 53 70 69 75 83 31 47 55 90 39 66 43 40 49 0 54 83 41 53 6 3 60 64 37 40 23 43 28 35 50 40 58 9 51 28 57 47 53 42 56 20 11 33 28 59 14 51 47 19 46 93 41 44 58 100 67 39 42 74 47 61 45 15 59 48 16 31 15 
95 63 81 54 49 84 87 63 82 45 49 43 92 64 48 83 81 66 68 67 62 96 43 73 37 55 80 52 84 71 37 67 64 59 61 80 53 68 94 72 59 53 60 59 54 70 48 57 81 43 48 64 38 47 30 74 60 90 92 60 84 40 75 36 46 59 28 69 63 73 57 73 69 83 27 87 61 69 59 95 65 26 47 66 56 73 54 111 33 96 56 74 55 102 101 96 98 49 45 50 95 54 71 63 30 84 54 0 108 52 73 53 51 63 73 70 62 64 66 76 67 65 75 60 46 53 31 89 30 26 66 53 68 43 70 26 74 46 94 62 57 61 96 44 64 64 113 65 67 44 84 66 83 86 47 86 31 48 46 43 
129 90 113 115 86 74 116 112 78 94 89 84 100 84 89 88 88 102 57 107 97 48 90 134 78 95 87 98 73 80 86 118 113 54 96 70 105 108 106 105 97 101 89 66 59 90 94 97 118 104 88 91 77 89 111 84 71 117 121 88 119 101 117 103 93 82 89 94 104 80 87 77 86 100 88 89 90 134 88 56 92 82 101 87 101 92 85 112 80 12 80 102 105 91 130 54 121 91 103 105 156 61 108 106 94 91 83 108 0 93 122 83 80 96 75 93 51 106 87 87 75 106 82 95 92 104 82 78 97 114 91 55 80 80 83 87 117 77 89 98 95 102 129 91 105 131 142 126 103 105 135 93 62 117 76 124 109 77 69 98 
80 50 86 52 49 43 87 48 47 45 47 43 84 46 48 83 61 66 68 56 54 96 43 71 37 55 80 52 77 71 37 67 20 59 55 39 51 68 94 39 58 51 60 59 54 52 52 55 81 41 48 58 38 47 69 68 47 86 79 42 82 38 75 18 46 53 26 61 63 60 39 73 55 77 25 87 61 63 46 92 57 64 37 67 60 73 42 111 33 81 50 42 65 98 101 90 98 49 61 56 93 54 71 63 55 64 41 52 93 0 58 35 38 63 63 64 62 64 53 63 67 65 55 58 50 63 31 89 24 42 60 85 55 43 63 26 56 46 90 62 57 61 92 44 64 46 111 65 67 42 82 26 31 74 47 86 37 48 46 56 
42 53 58 75 61 77 86 10 50 44 59 52 64 40 37 64 60 49 77 58 34 92 56 93 48 68 77 65 92 70 36 80 78 68 35 73 57 44 85 19 52 72 59 70 64 34 63 74 74 55 39 46 49 40 80 52 59 83 91 44 92 58 68 76 53 50 49 49 52 63 47 83 64 65 48 63 72 110 58 84 45 81 69 68 40 85 50 111 54 110 47 22 45 95 100 86 109 42 51 88 88 65 83 62 66 66 53 73 122 58 0 51 50 70 95 61 71 76 56 64 66 28 57 81 61 43 52 86 71 70 40 88 67 42 66 47 76 45 104 70 50 24 103 65 63 104 117 86 49 65 82 71 66 82 46 92 75 47 57 67 
73 48 65 55 38 57 55 41 61 25 12 10 61 11 27 51 40 40 46 55 41 75 34 74 16 46 48 43 62 51 17 58 55 37 42 53 54 56 78 32 27 39 28 38 33 17 17 35 57 44 36 23 17 35 34 35 12 58 44 7 85 41 63 47 37 32 29 26 42 42 4 52 37 42 28 75 40 80 11 74 22 35 48 35 47 61 7 80 24 71 29 29 51 70 69 75 77 37 41 61 96 33 60 43 34 43 6 53 83 35 51 0 3 54 64 43 40 29 49 28 35 44 34 61 15 49 22 57 41 53 47 62 20 11 39 27 53 14 57 41 25 40 87 35 44 64 94 66 39 45 74 53 61 39 15 53 48 16 25 21 
72 49 68 53 41 54 52 40 64 22 9 13 58 14 30 48 43 37 43 52 44 72 37 72 19 49 45 46 59 48 14 61 58 34 45 50 52 53 79 35 24 36 25 41 30 20 14 32 54 41 33 26 20 32 31 38 9 55 41 10 83 39 60 50 40 29 27 29 45 39 7 49 34 45 26 72 43 83 8 74 25 32 47 32 50 58 10 77 27 68 26 32 50 67 66 72 80 34 44 58 93 36 63 40 37 46 3 51 80 38 50 3 0 57 61 40 37 26 46 25 32 47 37 59 12 48 25 54 44 50 45 59 17 8 36 25 56 11 54 44 22 43 90 38 41 61 97 64 36 43 71 50 58 42 12 56 45 13 28 18 
94 40 83 65 26 61 91 62 81 56 66 44 71 53 33 76 58 43 65 64 41 93 20 84 38 32 60 29 69 81 48 68 71 56 40 57 54 65 91 56 56 36 40 56 51 59 69 40 78 54 45 41 39 44 75 45 66 87 98 57 85 51 72 53 17 56 39 46 48 50 58 70 69 60 38 84 62 86 64 95 42 65 54 57 45 50 61 96 30 98 53 53 50 82 81 93 95 46 47 62 106 51 48 74 56 61 60 63 96 63 70 54 57 0 68 53 59 83 43 58 73 50 52 61 67 48 32 69 47 65 35 75 74 54 53 37 71 54 108 63 54 46 33 41 75 81 112 76 44 45 85 64 65 93 53 85 60 52 43 62 
95 68 79 74 54 71 89 85 81 67 70 57 86 57 62 61 54 71 30 79 70 74 48 93 51 42 81 39 46 53 59 86 43 27 69 67 73 81 79 78 70 64 62 39 32 63 68 68 91 63 61 64 50 62 86 57 70 101 102 61 92 60 90 61 51 55 48 67 77 74 61 51 79 73 47 100 73 94 69 76 65 69 26 81 74 65 58 71 50 63 53 75 76 90 103 74 94 64 66 61 115 34 76 79 67 64 64 73 75 63 95 64 61 68 0 66 24 87 67 76 48 75 55 68 67 74 52 90 55 47 64 96 53 53 77 48 79 50 94 74 68 71 81 39 78 89 115 87 72 64 104 77 75 90 49 97 42 50 42 73 
83 40 67 68 39 54 73 51 63 62 31 39 63 50 44 69 42 54 48 41 38 76 33 87 33 45 50 42 64 65 54 58 60 39 39 50 35 42 68 53 35 17 53 37 44 44 30 13 57 52 22 47 32 23 47 26 49 66 81 50 66 54 51 60 36 11 42 52 59 30 47 63 66 69 43 61 55 93 37 84 48 48 43 31 44 63 50 50 37 81 14 50 49 62 94 82 76 25 55 43 104 32 61 63 49 45 37 70 93 64 61 43 40 53 66 0 42 60 37 65 53 61 36 42 28 47 39 59 54 64 44 55 57 48 27 44 71 51 73 56 33 57 86 48 63 77 96 83 53 26 86 38 58 82 52 66 59 53 24 34 
78 46 62 64 35 69 65 61 57 43 46 33 62 33 38 37 37 60 6 56 46 50 39 83 27 51 57 48 22 29 35 67 67 3 45 65 63 57 55 54 46 55 38 15 8 39 44 55 67 53 37 40 26 38 62 33 46 77 78 37 68 50 66 52 42 31 38 43 53 50 37 27 55 49 37 76 49 85 45 52 41 45 50 57 50 41 34 87 29 39 29 51 55 66 79 50 70 40 52 75 105 10 57 55 43 40 40 62 51 62 71 40 37 59 24 42 0 63 43 52 24 55 31 44 43 53 31 66 46 63 40 72 29 29 53 36 66 26 91 50 44 51 92 40 54 80 91 75 59 54 84 53 67 66 25 73 58 26 18 49 
98 69 94 76 67 80 78 66 90 48 29 39 84 40 56 49 69 63 69 72 67 98 63 95 45 75 71 72 85 74 40 87 84 60 68 76 74 73 91 61 44 56 51 51 56 46 34 52 80 61 53 52 46 52 34 64 35 75 67 36 104 62 80 76 66 49 50 55 71 59 33 75 60 71 49 92 69 109 28 100 51 52 70 52 73 84 36 97 53 94 46 58 76 93 92 98 106 54 70 78 113 56 89 66 63 72 23 64 106 64 76 29 26 83 87 60 63 0 66 51 58 73 63 81 32 74 51 80 70 76 65 79 43 34 56 50 82 37 74 70 42 69 104 64 67 81 123 60 62 65 97 70 84 68 38 82 71 39 54 38 
78 3 74 68 17 27 84 46 47 59 37 41 46 44 24 74 49 46 49 67 49 87 23 87 35 35 33 32 60 61 51 57 73 40 50 23 46 57 87 37 59 28 43 47 45 49 36 24 81 50 48 32 36 47 53 54 55 70 87 48 77 53 75 56 26 47 42 37 39 7 51 64 39 63 41 76 59 89 48 85 33 54 57 14 49 41 54 87 33 75 48 40 48 55 84 87 83 49 38 32 102 42 39 75 53 52 43 66 87 53 56 49 46 43 67 37 43 66 0 52 67 41 43 53 34 46 35 42 50 56 55 32 63 51 10 40 62 54 74 60 57 37 76 44 74 83 103 79 47 37 81 27 31 78 55 50 51 55 34 40 
87 55 93 78 44 79 77 55 89 47 34 38 61 39 53 73 68 15 58 66 31 97 38 88 44 50 65 47 59 73 39 86 80 55 30 75 72 60 93 46 49 54 50 66 55 45 39 56 79 66 47 51 45 46 56 63 16 80 66 35 98 64 74 71 41 54 52 54 68 45 32 74 59 32 51 79 68 104 33 99 50 57 63 38 35 68 35 102 48 75 51 43 40 87 91 97 105 48 46 64 118 61 66 65 62 71 28 76 87 63 64 28 25 58 76 65 52 51 52 0 57 44 62 79 37 38 50 74 65 65 35 70 23 33 42 50 81 36 79 69 47 40 91 50 66 86 101 89 16 63 77 75 83 67 37 81 70 38 53 43 
88 70 86 69 59 70 57 56 81 38 41 34 66 39 51 16 61 61 18 50 45 74 53 88 40 60 53 62 34 53 30 82 80 27 46 66 68 51 77 60 42 68 33 39 32 45 46 64 60 58 31 51 41 30 61 57 41 73 73 35 82 55 54 66 56 42 43 54 55 71 32 51 50 61 42 70 64 100 40 76 50 63 63 64 51 53 29 99 44 63 39 57 56 75 74 74 94 28 62 72 97 34 81 56 56 64 35 67 75 67 66 35 32 73 48 53 24 58 67 57 0 52 55 68 44 54 46 62 61 58 51 90 49 24 68 41 78 21 86 65 40 56 106 55 57 93 115 80 60 59 87 63 74 61 20 77 53 21 42 48 
70 38 57 67 41 62 88 38 73 54 56 34 75 36 17 36 43 29 61 63 45 84 36 85 28 48 74 45 73 78 50 70 77 52 44 58 66 24 90 47 57 52 54 50 57 42 61 56 79 56 44 26 29 45 78 60 56 88 88 40 97 53 73 59 33 50 41 29 32 48 43 76 60 46 40 43 52 92 55 80 25 56 60 48 42 65 46 102 36 94 52 50 41 96 95 78 89 47 31 73 108 45 63 72 46 46 50 65 106 65 28 44 47 50 75 61 55 73 41 44 52 0 37 73 59 39 34 83 53 50 49 73 64 44 51 39 56 47 101 53 55 4 83 47 73 87 97 78 30 57 74 62 66 78 48 74 55 49 37 65 
47 40 31 77 26 48 82 53 76 58 45 44 65 23 46 68 6 55 37 55 52 81 32 96 47 44 62 41 53 60 50 80 71 34 52 52 66 53 82 44 49 48 52 46 39 29 44 49 71 52 36 11 46 37 61 40 46 80 78 27 89 55 65 65 35 25 51 16 61 42 30 58 68 58 50 72 69 98 45 79 12 62 57 35 47 50 33 86 42 70 28 41 52 76 93 77 90 39 42 61 93 41 48 76 63 9 40 75 82 55 57 34 37 52 55 36 31 63 43 62 55 37 0 73 42 50 44 71 59 61 57 57 54 44 39 49 35 41 89 70 47 33 85 53 77 91 60 88 56 57 85 29 60 65 42 59 66 43 38 48 
103 56 102 58 47 70 31 71 81 53 64 51 79 72 56 75 79 64 50 75 70 82 41 77 45 53 66 50 66 67 45 48 71 41 71 74 25 76 79 80 64 25 61 39 46 78 68 29 29 47 56 62 46 55 86 68 68 98 100 68 24 44 76 64 44 53 32 67 71 46 65 65 77 81 33 95 69 97 53 74 63 72 54 47 76 71 62 92 41 83 56 82 80 88 102 76 94 57 70 65 99 34 69 71 63 78 58 60 95 58 81 61 59 61 68 42 44 81 53 79 68 73 73 0 67 78 39 75 58 75 76 71 73 51 43 34 92 54 109 70 65 69 94 52 72 92 117 73 65 16 88 70 78 94 55 94 70 56 42 73 
83 37 73 65 45 54 64 51 67 34 3 25 60 26 42 60 48 49 49 41 38 84 47 84 31 59 47 56 65 60 26 58 66 43 38 50 60 42 68 47 30 42 37 41 42 32 2 38 57 47 22 38 32 23 19 32 21 61 53 22 75 50 51 60 50 17 39 41 57 27 19 61 46 57 38 61 55 93 14 86 37 20 49 20 43 69 22 71 37 80 14 44 48 62 78 84 80 25 54 46 99 36 67 52 49 51 9 46 92 50 61 15 12 67 67 28 43 32 34 37 44 59 42 67 0 46 37 56 54 49 33 47 29 20 24 37 68 23 48 56 28 55 100 48 53 49 102 76 48 51 83 38 58 54 24 68 54 25 28 6 
65 43 81 72 47 41 76 33 61 54 49 39 39 39 22 70 56 23 59 41 9 68 41 62 33 53 52 50 65 76 46 75 64 50 8 37 71 45 62 24 36 57 49 53 55 33 48 60 58 53 25 39 34 24 53 51 54 52 89 43 76 56 52 51 38 36 46 34 37 53 46 74 21 38 45 64 57 74 48 76 38 66 48 60 3 71 45 97 38 92 33 21 2 74 90 74 72 26 8 51 94 50 69 72 50 59 51 53 104 63 43 49 48 48 74 47 53 74 46 38 54 39 50 78 46 0 39 61 45 27 13 78 61 40 56 44 69 37 88 58 34 35 81 49 73 79 110 83 22 62 51 57 45 77 36 82 32 37 42 40 
74 32 75 33 18 53 66 42 51 24 34 12 61 33 17 52 50 35 37 36 31 65 12 52 6 24 52 21 53 50 16 36 43 28 32 49 32 37 63 46 28 28 32 28 23 39 39 32 50 22 17 33 7 16 56 43 34 59 66 29 63 19 44 25 15 28 7 38 32 42 26 42 48 52 6 56 30 58 33 64 34 33 26 49 37 42 29 80 2 70 25 43 41 73 73 65 67 18 31 51 74 23 40 42 24 53 28 31 82 31 52 22 25 32 52 39 31 51 35 50 46 34 44 39 37 39 0 61 19 37 37 60 42 22 45 5 63 25 79 31 26 30 65 13 43 53 92 44 36 23 62 45 57 61 26 55 32 27 15 43 
108 45 102 91 55 69 80 76 89 60 59 56 22 61 66 78 77 68 72 82 52 51 49 99 62 61 9 58 57 37 52 46 100 63 53 65 68 88 114 67 78 50 29 75 62 67 58 46 82 80 68 60 63 67 75 79 63 103 95 57 99 77 95 82 52 64 65 63 51 35 54 68 72 83 64 80 77 115 62 43 59 76 83 36 58 76 51 109 59 66 61 64 63 13 70 45 105 69 69 54 132 70 77 78 80 78 57 89 78 89 86 57 54 69 90 59 66 80 42 74 62 83 71 75 56 61 61 0 76 78 58 60 71 46 32 63 90 43 104 74 76 79 102 70 79 105 129 102 67 59 88 69 73 83 42 92 73 41 71 62 
93 47 90 52 33 67 85 61 70 43 53 31 76 52 36 67 65 50 52 51 46 72 27 71 25 39 67 36 68 69 35 55 44 43 47 63 51 52 78 61 43 43 47 47 38 58 56 47 65 41 32 48 26 31 60 58 53 74 85 48 82 38 59 6 30 43 26 53 51 57 45 57 66 67 25 71 49 39 52 68 49 52 29 58 48 57 48 99 17 85 40 58 47 88 88 66 86 33 37 32 93 42 55 61 43 68 47 30 97 24 71 41 44 47 55 54 46 70 50 65 61 53 59 58 54 45 19 76 0 18 52 79 61 41 54 24 44 44 98 50 41 49 80 28 62 34 111 63 51 42 80 50 55 80 45 74 13 46 34 58 
92 54 92 69 51 68 78 60 76 56 52 49 66 57 33 74 67 50 69 52 36 90 45 73 43 57 69 54 85 82 48 49 38 60 35 64 68 66 89 51 61 61 51 65 56 60 51 60 80 58 50 50 44 49 56 68 59 79 91 53 99 55 77 24 48 53 43 45 48 49 50 75 48 65 42 77 67 57 58 86 49 52 21 50 30 75 47 114 35 102 56 48 29 91 92 84 99 51 19 24 110 60 73 74 56 70 53 26 114 42 70 53 50 65 47 64 63 76 56 65 58 50 61 75 49 27 37 78 18 0 40 74 67 42 46 42 62 39 96 68 59 46 76 34 75 52 121 81 49 59 62 68 72 79 38 92 5 39 52 43 
62 52 78 70 49 54 89 30 74 61 36 49 36 36 35 67 63 20 46 41 6 75 43 61 43 55 49 52 62 63 53 73 76 37 5 50 69 42 68 21 33 59 62 49 42 30 35 57 55 50 22 48 44 21 40 48 51 64 86 40 73 53 49 58 46 33 44 47 50 60 43 61 34 35 43 61 67 87 45 83 47 53 59 53 10 73 46 94 35 79 30 18 15 71 103 81 85 23 21 64 101 44 71 71 47 66 42 66 91 60 40 47 45 35 64 44 40 65 55 35 51 49 57 76 33 13 37 58 52 40 0 80 58 53 57 42 78 50 81 68 31 45 68 46 72 82 117 81 19 60 50 54 58 74 49 88 45 50 46 27 
98 35 82 93 49 59 102 78 79 81 50 72 64 66 56 93 63 78 78 88 81 79 55 112 66 67 51 64 74 79 73 75 102 69 82 55 64 89 115 69 77 46 71 79 64 67 49 42 100 82 69 56 67 70 66 79 68 102 100 69 95 79 97 85 58 64 67 59 71 25 66 83 71 95 66 108 90 118 61 87 55 27 85 32 81 55 69 101 62 43 61 72 80 73 112 85 101 72 70 50 134 74 71 93 83 48 56 53 55 85 88 62 59 75 96 55 72 79 32 70 90 73 57 71 47 78 60 60 79 74 80 0 76 67 28 65 74 70 95 91 75 69 108 73 92 96 99 104 79 55 113 59 63 96 70 82 69 69 66 53 
89 66 85 70 58 71 69 57 81 39 26 30 75 31 47 65 60 38 35 69 54 79 54 89 36 66 62 63 51 58 31 78 75 32 53 67 69 70 84 52 41 53 42 44 37 37 31 49 71 58 50 43 37 49 48 55 26 72 58 27 97 56 77 67 57 46 44 46 62 56 24 56 51 55 43 89 60 100 25 81 42 49 64 49 58 70 27 94 44 68 43 49 63 84 83 79 97 51 61 75 110 39 80 57 54 63 20 68 80 55 67 20 17 74 53 57 29 43 63 23 49 64 54 73 29 61 42 71 61 67 58 76 0 25 53 42 73 28 71 61 39 60 107 55 58 78 114 81 39 60 88 67 75 59 29 73 62 30 45 35 
64 48 75 45 40 46 44 32 61 14 17 10 50 21 27 40 50 45 35 58 49 64 34 64 16 46 37 43 51 40 6 58 56 26 48 42 44 59 78 41 32 44 17 38 22 27 22 40 46 34 39 33 17 38 39 45 17 57 49 17 75 31 66 47 37 37 19 36 39 47 14 41 26 46 18 78 40 80 16 66 32 40 39 40 43 50 11 85 24 68 34 39 42 59 58 64 77 40 41 56 86 33 62 32 34 53 11 43 80 43 42 11 8 54 53 48 29 34 51 33 24 44 44 51 20 40 22 46 41 42 53 67 25 0 44 17 63 3 62 41 30 40 87 35 33 69 104 56 44 35 63 57 50 43 4 53 37 5 25 26 
86 13 70 69 27 37 74 56 57 58 27 49 36 38 34 84 45 56 59 61 58 83 33 88 45 45 23 42 70 51 50 47 74 50 59 33 36 62 88 47 54 18 43 57 55 39 26 14 72 58 42 28 46 43 43 53 45 80 77 42 67 55 69 60 36 38 43 31 46 3 43 74 49 73 44 81 69 93 38 75 27 44 57 4 59 51 46 77 43 71 38 50 58 45 84 77 73 45 48 22 110 52 49 65 63 48 33 70 83 63 66 39 36 53 77 27 53 56 10 42 68 51 39 43 24 56 45 32 54 46 57 28 53 44 0 45 58 47 72 70 52 47 86 54 64 73 99 84 57 27 89 37 41 68 48 60 41 49 44 30 
69 37 80 28 23 58 61 37 56 19 34 17 66 38 22 57 55 40 42 41 36 70 17 47 11 29 54 26 58 45 11 41 39 33 37 54 27 42 68 46 33 27 34 33 28 44 39 31 55 17 22 38 12 21 56 48 34 64 66 34 58 14 49 30 20 33 2 43 37 47 31 47 43 57 1 61 35 63 33 69 39 38 22 49 42 47 28 85 7 75 30 48 46 76 75 70 72 23 36 56 69 28 45 37 29 58 28 26 87 26 47 27 25 37 48 44 36 50 40 50 41 39 49 34 37 44 5 63 24 42 42 65 42 17 45 0 68 20 79 36 31 35 70 18 38 58 87 39 41 18 58 40 57 60 21 60 37 22 20 43 
82 59 66 96 45 78 101 72 98 77 65 63 82 42 65 62 41 74 72 72 72 104 51 115 68 63 81 60 88 93 69 99 36 67 73 74 85 72 110 63 80 67 71 70 62 48 70 71 103 80 71 30 67 72 84 66 65 110 97 46 116 77 100 50 54 60 70 35 80 61 49 81 79 87 69 91 90 83 64 106 31 88 53 54 72 69 52 115 61 105 63 60 71 103 112 104 114 74 61 76 128 65 67 95 84 26 59 74 117 56 76 53 56 71 79 71 66 82 62 81 78 56 35 92 68 69 63 90 44 62 78 74 73 63 58 68 0 60 108 91 78 52 104 66 96 78 77 107 75 76 104 64 82 84 61 78 57 62 62 71 
67 51 72 48 40 49 41 35 64 17 20 13 47 18 30 37 47 48 32 61 46 61 34 67 19 46 34 43 48 43 9 61 59 23 45 45 47 62 75 39 35 47 14 35 19 24 25 43 43 37 42 30 20 41 40 42 20 60 52 14 78 34 69 47 37 40 22 33 36 50 11 38 29 43 21 81 43 83 19 63 29 43 42 43 40 53 8 88 27 65 37 36 39 56 55 61 80 43 44 53 89 30 62 35 37 50 14 46 77 46 45 14 11 54 50 51 26 37 54 36 21 47 41 54 23 37 25 43 44 39 50 70 28 3 47 20 60 0 65 44 33 43 87 38 36 72 101 59 47 38 66 60 53 40 1 56 34 2 28 27 
115 71 99 107 85 47 106 94 75 76 45 67 108 66 84 102 95 91 97 89 86 113 88 126 73 76 95 79 88 97 68 106 110 88 86 51 102 90 116 87 72 84 79 89 84 72 50 80 105 89 70 78 74 71 67 80 63 98 95 64 123 92 99 104 91 65 81 81 99 75 61 103 67 99 80 109 97 131 56 121 77 68 97 68 91 69 64 23 81 77 62 84 86 110 120 119 89 73 96 94 141 84 107 94 91 98 51 94 89 90 104 57 54 108 94 73 91 74 74 79 86 101 89 109 48 88 79 104 98 96 81 95 71 62 72 79 108 65 0 60 70 97 130 92 95 97 149 97 90 93 125 66 59 96 66 103 99 67 76 54 
105 57 100 64 49 48 85 73 20 55 53 31 78 52 36 81 76 66 56 67 62 89 43 83 25 55 65 52 72 37 47 67 74 47 63 44 63 68 85 73 47 59 58 45 52 58 58 63 81 53 48 61 24 47 75 60 53 78 85 48 94 50 75 56 46 45 38 56 51 67 45 71 60 83 37 87 47 89 52 81 60 64 57 74 61 73 48 49 33 86 48 70 60 86 99 83 84 49 50 82 105 40 71 73 41 79 47 62 98 62 70 41 44 63 74 56 50 70 60 69 65 53 70 70 56 58 31 74 50 68 68 91 61 41 70 36 91 44 60 0 45 49 96 44 74 84 123 75 67 54 89 67 36 80 45 74 63 46 32 62 
72 54 78 59 40 59 74 40 65 44 25 35 55 36 43 56 53 41 50 30 25 87 34 78 32 46 67 43 66 70 36 62 65 47 26 55 58 31 57 40 2 42 47 48 45 42 30 38 44 19 11 48 33 10 47 37 31 33 63 32 62 22 38 47 37 22 33 51 58 55 29 64 55 56 32 50 56 80 14 87 47 48 48 48 31 64 32 83 24 83 19 37 36 67 88 85 87 12 42 73 71 43 62 62 36 56 19 57 95 57 50 25 22 54 68 33 44 42 57 47 40 55 47 65 28 34 26 76 41 59 31 75 39 30 52 31 78 33 70 45 0 51 87 35 63 75 89 70 40 49 73 42 63 64 34 77 54 35 35 34 
66 34 53 63 37 58 84 34 69 54 52 30 71 32 13 40 39 25 57 59 41 80 32 81 24 44 70 41 69 74 46 66 73 48 40 54 62 20 86 43 53 48 50 46 53 38 57 52 75 52 40 22 25 41 74 56 52 84 84 36 93 49 69 55 29 46 37 25 28 44 39 72 56 42 36 39 48 88 51 76 21 60 56 44 38 61 42 98 32 90 48 46 37 92 91 74 85 43 27 69 104 41 59 72 42 42 46 61 102 61 24 40 43 46 71 57 51 69 37 40 56 4 33 69 55 35 30 79 49 46 45 69 60 40 47 35 52 43 97 49 51 0 79 43 73 83 93 74 26 53 70 58 62 74 44 70 51 45 33 61 
127 73 116 98 59 94 124 95 114 89 99 77 104 86 66 109 91 76 98 97 74 126 53 117 71 65 93 62 102 114 81 101 72 89 73 90 87 98 73 89 89 69 73 89 84 92 102 73 83 87 78 74 72 77 108 78 99 120 131 90 80 84 105 86 50 87 72 79 81 83 91 103 102 77 71 117 95 119 97 128 75 98 55 90 78 83 94 129 63 131 86 86 83 115 114 126 128 79 80 90 139 84 81 99 89 94 93 96 129 92 103 87 90 33 81 86 92 104 76 91 106 83 85 94 100 81 65 102 80 76 68 108 107 87 86 70 104 87 130 96 87 79 0 68 100 114 145 44 77 78 118 97 98 126 86 118 71 85 76 95 
87 41 84 46 27 62 79 55 64 37 47 25 70 46 30 61 59 35 46 45 40 74 21 65 19 33 61 30 62 63 29 49 30 37 41 58 45 46 72 55 37 37 41 41 32 52 50 41 59 35 26 42 20 25 65 52 47 68 79 42 76 32 53 34 24 37 20 43 45 51 39 51 61 52 19 65 43 67 46 76 43 46 13 58 46 51 42 93 11 79 34 52 51 82 82 74 80 27 44 48 87 36 49 55 37 62 41 44 91 44 65 35 38 41 39 48 40 64 44 50 55 47 53 52 48 49 13 70 28 34 46 73 55 35 54 18 66 38 92 44 35 43 68 0 56 62 105 57 36 36 75 58 66 74 39 68 29 40 28 52 
85 75 95 66 61 62 77 53 90 19 50 43 83 54 60 73 83 52 60 79 68 97 55 41 49 67 70 64 76 45 27 72 77 51 67 66 65 80 89 62 65 54 50 49 55 56 55 50 79 55 60 66 50 59 72 38 50 90 82 50 96 52 87 68 58 53 40 69 72 67 47 74 59 69 39 99 73 101 49 99 65 73 60 68 72 83 44 113 45 93 56 65 75 92 91 97 104 61 73 86 107 44 83 1 67 86 44 64 105 64 63 44 41 75 78 63 54 67 74 66 57 73 77 72 53 73 43 79 62 75 72 92 58 33 64 38 96 36 95 74 63 73 100 56 0 96 81 77 53 56 30 78 74 76 37 78 70 38 52 59 
126 81 122 86 67 89 112 94 93 77 52 65 109 75 70 101 97 84 86 85 80 104 61 105 59 62 96 65 102 103 69 89 66 77 81 85 85 86 112 85 77 77 81 81 72 81 51 81 99 75 66 82 60 65 68 81 70 103 102 71 116 72 93 28 64 66 60 87 83 76 68 75 72 101 59 105 83 73 63 100 83 69 63 69 82 91 71 120 51 119 63 88 81 111 122 98 120 67 71 66 112 76 89 95 77 100 58 64 131 46 104 64 61 81 89 77 80 81 83 86 93 87 91 92 49 79 53 105 34 52 82 96 78 69 73 58 78 72 97 84 75 83 114 62 96 0 145 97 85 76 114 72 77 103 73 108 47 73 68 55 
107 100 91 111 86 108 142 113 136 98 105 104 107 83 106 128 66 115 97 115 112 139 92 122 98 104 120 101 113 120 98 128 113 94 112 112 110 113 140 104 87 95 112 100 99 89 104 99 131 70 96 71 99 97 121 100 106 122 138 87 141 73 125 117 95 85 85 76 121 102 90 118 128 118 86 132 97 150 103 131 72 122 107 95 107 110 93 146 94 130 88 101 112 136 153 133 150 99 102 121 122 95 108 80 116 51 100 113 142 111 117 94 97 112 115 96 91 123 103 101 115 97 60 117 102 110 92 129 111 121 117 99 114 104 99 87 77 101 149 123 89 93 145 105 81 145 0 126 116 101 111 89 120 125 102 82 123 103 98 108 
108 76 119 67 62 80 100 76 95 58 73 56 105 77 61 96 94 79 81 80 75 109 56 86 50 68 93 65 97 84 50 80 78 72 76 84 66 81 60 85 72 66 73 72 67 83 78 70 94 56 61 77 51 60 94 87 73 103 105 73 97 53 88 69 59 72 41 82 76 86 70 86 82 96 40 100 74 102 72 108 78 77 61 88 81 86 67 120 46 114 69 87 85 115 114 109 111 62 75 95 108 67 84 76 68 96 67 65 126 65 86 66 64 76 87 83 75 60 79 89 80 78 88 73 76 83 44 102 63 81 81 104 81 56 84 39 107 59 97 75 70 74 44 57 77 97 126 0 80 57 88 79 92 99 60 99 76 61 59 82 
71 44 79 69 30 63 88 39 83 58 45 48 45 45 39 66 62 1 59 50 15 84 24 72 42 36 58 33 43 82 50 72 66 56 14 59 58 46 77 30 42 40 44 59 55 39 50 44 64 58 31 45 43 30 59 55 32 73 77 46 82 55 58 57 27 42 43 50 54 54 43 74 43 16 42 65 66 90 44 92 46 68 49 54 19 54 46 100 34 91 39 27 24 80 85 90 94 32 30 73 110 55 52 52 56 65 39 67 103 67 49 39 36 44 72 53 59 62 47 16 60 30 56 65 48 22 36 67 51 49 19 79 39 44 57 41 75 47 90 67 40 26 77 36 53 85 116 80 0 49 61 63 67 78 48 91 54 49 47 46 
87 40 88 42 31 64 47 55 74 37 48 35 63 56 40 75 63 48 60 59 54 66 25 61 29 37 50 34 74 63 29 32 55 51 55 60 9 60 86 64 48 9 45 51 46 62 53 13 45 31 40 46 30 39 70 52 52 82 84 52 40 28 60 48 28 37 16 51 55 30 49 65 61 65 17 79 53 81 37 58 47 56 38 31 60 55 46 76 25 93 40 66 64 72 86 60 90 41 54 49 83 46 53 55 47 66 42 44 105 42 65 45 43 45 64 26 54 65 37 63 59 57 57 16 51 62 23 59 42 59 60 55 60 35 27 18 76 38 93 54 49 53 78 36 56 76 101 57 49 0 72 54 62 78 39 78 54 40 38 57 
59 78 65 69 80 92 107 72 69 49 80 73 78 78 57 103 90 62 90 76 48 117 74 11 68 86 79 83 104 75 57 42 95 81 47 88 65 84 110 63 75 81 80 79 85 72 85 80 97 71 64 74 69 63 90 68 80 103 112 80 112 68 91 86 73 75 56 69 72 88 77 104 72 77 57 103 92 119 79 114 73 95 78 93 52 104 74 136 64 123 72 60 53 101 121 116 123 65 43 67 105 74 102 31 86 94 74 84 135 82 82 74 71 85 104 86 84 97 81 77 87 74 85 88 83 51 62 88 80 62 50 113 88 63 89 58 104 66 125 89 73 70 118 75 30 114 111 88 61 72 0 94 85 106 67 108 67 68 73 77 
60 24 60 64 38 19 101 61 47 59 41 55 73 52 45 79 35 64 59 51 48 102 44 83 49 48 60 51 75 81 51 81 46 55 49 23 63 52 78 58 40 55 64 53 60 58 40 51 67 23 32 40 48 33 57 42 59 70 91 56 85 26 61 44 47 27 38 45 60 34 57 79 39 79 39 71 71 89 52 104 41 58 59 41 54 62 60 88 47 81 24 60 58 72 105 102 92 35 59 59 75 48 60 77 59 38 47 66 93 26 71 53 50 64 77 38 53 70 27 75 63 62 29 70 38 57 45 69 50 68 54 59 67 57 37 40 64 60 66 67 42 58 97 58 78 72 89 79 63 54 94 0 31 92 61 71 63 62 40 44 
80 28 64 83 42 12 94 71 16 64 61 60 77 62 49 77 66 68 73 71 54 86 45 96 58 33 64 36 85 73 56 76 51 64 53 8 53 72 98 62 65 59 65 62 69 68 60 55 87 54 52 52 57 53 77 62 67 55 99 66 102 57 81 49 48 47 57 55 64 38 64 88 24 67 56 91 80 72 66 94 51 78 68 45 48 66 61 82 55 50 44 65 43 86 106 92 101 55 53 63 106 57 64 73 74 69 61 83 62 31 66 61 58 65 75 58 67 84 31 83 74 66 60 78 58 45 57 73 55 72 58 63 75 50 41 57 82 53 59 36 63 62 98 66 74 77 120 92 67 62 85 31 0 93 54 75 68 55 49 64 
104 81 96 88 69 89 81 72 100 57 51 49 87 42 66 77 71 79 72 94 68 101 73 107 55 85 74 82 88 83 49 84 94 63 69 85 87 94 115 63 66 78 54 75 59 48 56 74 83 77 75 54 56 74 64 66 51 97 83 38 118 74 102 86 76 71 62 57 76 71 35 78 69 67 61 112 79 119 50 103 53 74 82 64 74 93 32 119 63 105 68 60 79 96 95 101 116 76 80 59 129 70 91 75 73 74 45 86 117 74 82 39 42 93 90 82 66 68 78 67 61 78 65 94 54 77 61 83 80 79 74 96 59 43 68 60 84 40 96 80 64 74 126 74 76 103 125 99 78 78 106 92 93 0 41 92 74 42 64 51 
68 52 73 49 39 50 40 36 65 18 21 14 46 19 31 36 48 49 31 62 45 62 33 68 20 45 33 42 47 44 10 62 60 22 44 46 48 63 74 40 36 48 13 34 20 25 26 44 42 38 43 31 21 42 41 43 21 61 53 15 79 35 70 46 36 41 23 34 35 51 12 39 30 44 22 82 44 84 20 64 30 43 43 44 39 54 9 89 28 64 38 37 38 55 54 62 81 44 44 52 90 29 61 36 38 51 15 47 76 47 46 15 12 53 49 52 25 38 55 37 20 48 42 55 24 36 26 42 45 38 49 70 29 4 48 21 61 1 66 45 34 44 86 39 37 73 102 60 48 39 67 61 54 41 0 57 33 1 29 28 
106 47 90 88 61 71 97 82 91 67 65 43 96 60 60 93 65 90 79 85 82 107 67 107 49 79 83 76 95 68 59 91 98 70 83 67 87 86 111 73 79 78 70 71 65 58 70 74 99 77 66 48 50 67 87 40 65 110 97 60 118 74 95 80 68 55 62 53 75 57 57 84 79 95 61 105 73 113 64 107 49 88 81 64 85 85 60 116 57 112 58 70 84 105 111 107 110 69 74 82 129 66 83 77 67 68 59 86 124 86 92 53 56 85 97 66 73 82 50 81 77 74 59 94 68 82 55 92 74 92 88 82 73 53 60 60 78 56 103 74 77 70 118 68 78 108 82 99 91 78 108 71 75 92 57 0 87 58 58 74 
97 54 97 64 46 73 73 65 71 51 54 44 71 52 38 69 72 55 64 57 41 85 40 78 38 52 64 49 80 77 43 44 33 55 40 69 63 65 91 56 56 56 46 60 51 58 56 55 75 53 45 55 39 44 61 63 54 84 86 48 94 50 72 19 43 48 38 50 53 44 45 70 53 70 37 72 62 52 53 81 54 57 16 45 35 70 42 109 30 97 51 53 34 86 87 79 99 46 24 19 105 55 68 69 56 75 48 31 109 37 75 48 45 60 42 59 58 71 51 70 53 55 66 70 54 32 32 73 13 5 45 69 62 37 41 37 57 34 99 63 54 51 71 29 70 47 123 76 54 54 67 63 68 74 33 87 0 34 47 48 
69 52 74 50 38 51 39 37 66 19 22 15 45 20 32 37 49 50 32 63 46 63 32 69 21 44 32 41 48 45 11 63 61 23 45 47 49 64 75 41 37 48 12 35 21 26 27 45 41 39 44 32 22 43 42 44 22 62 54 16 80 36 71 45 35 42 24 35 34 52 13 40 31 45 23 83 45 85 21 65 31 42 44 45 40 55 10 90 29 65 39 38 39 54 53 63 82 45 45 53 91 30 60 37 39 52 16 48 77 48 47 16 13 52 50 53 26 39 55 38 21 49 43 56 25 37 27 41 46 39 50 69 30 5 49 22 62 2 67 46 35 45 85 40 38 73 103 61 49 40 68 62 55 42 1 58 34 0 30 29 
85 31 69 48 17 55 69 53 39 39 31 15 70 36 20 49 44 46 24 43 40 62 23 67 9 35 62 32 40 41 31 51 58 15 41 51 47 44 53 55 37 39 42 13 20 42 26 37 59 37 24 32 8 25 47 28 37 68 69 32 66 34 53 40 26 13 22 37 35 41 29 39 51 63 21 63 31 73 36 64 33 48 41 48 45 41 32 74 17 57 16 52 44 64 83 62 52 27 34 66 89 8 39 53 25 47 31 46 69 46 57 25 28 43 42 24 18 54 34 53 42 37 38 42 28 42 15 71 34 52 46 66 45 25 44 20 62 28 76 32 35 33 76 28 52 68 98 59 47 38 73 40 49 64 29 58 47 30 0 34 
89 43 79 71 51 60 68 57 73 40 9 31 63 29 48 64 54 47 55 47 33 88 51 88 37 63 53 60 71 66 32 64 72 49 32 56 66 48 74 48 36 48 41 47 46 35 8 44 63 53 28 41 38 29 13 38 27 67 59 25 81 56 57 64 54 23 45 44 63 33 22 65 52 54 44 61 61 97 20 90 40 26 55 26 37 75 19 77 41 86 20 45 42 68 82 88 86 31 48 52 105 42 73 58 55 57 15 43 98 56 67 21 18 62 73 34 49 38 40 43 48 65 48 73 6 40 43 62 58 43 27 53 35 26 30 43 71 27 54 62 34 61 95 52 59 55 108 82 46 57 77 44 64 51 28 74 48 29 34 0 
