160 7476
34 95 464
31 134 6
101 111 412
39 42 875
45 106 662
28 95 614
24 85 314
18 37 152
79 145 690
5 159 17
10 127 508
19 75 118
47 86 695
33 150 688
45 80 288
31 81 789
32 146 455
1 23 626
39 157 479
50 56 290
51 106 636
30 64 470
59 88 814
48 88 633
35 148 323
101 152 618
49 139 397
133 145 87
9 90 652
141 142 487
103 158 194
65 99 542
9 142 311
131 132 960
105 156 612
14 132 921
49 98 32
72 138 44
67 143 835
88 134 131
78 131 666
53 146 314
71 83 602
92 125 64
8 50 479
70 149 176
76 119 968
93 117 267
73 125 535
25 83 202
81 114 52
1 29 337
47 104 747
48 62 571
51 84 38
89 155 402
73 91 488
12 106 94
14 27 906
64 140 130
47 125 2
12 64 72
2 21 46
23 24 280
29 69 357
64 66 57
37 78 223
22 94 58
8 115 429
3 154 914
69 144 775
84 99 95
92 148 450
153 155 428
58 68 312
34 37 898
119 123 675
28 136 385
104 146 704
110 152 26
9 103 112
22 114 250
81 130 657
42 133 494
43 98 532
125 128 163
82 120 818
36 85 249
39 94 725
63 114 875
63 100 234
52 68 902
36 51 712
10 113 419
39 77 940
29 39 907
18 137 869
32 87 180
18 34 836
139 143 130
19 84 104
126 140 203
30 42 942
77 101 552
73 110 804
47 64 743
10 50 340
86 131 597
1 136 428
9 35 211
11 73 332
86 94 588
51 74 608
118 148 60
36 155 633
15 51 513
61 130 823
15 89 836
113 127 578
82 125 20
34 124 966
91 117 29
36 139 148
14 35 830
22 92 138
45 137 314
111 155 759
109 147 409
63 156 897
80 127 832
2 130 685
94 155 714
15 38 660
16 97 223
26 59 725
154 159 984
82 112 853
43 87 87
42 138 529
55 90 590
22 116 76
33 51 275
24 88 609
31 68 619
58 105 593
86 89 520
64 110 18
128 147 284
120 157 267
53 96 104
30 86 892
12 76 373
8 24 954
72 136 409
44 61 322
38 98 183
80 117 309
2 140 948
35 92 926
55 127 459
2 88 223
39 81 652
94 117 887
36 63 503
38 91 548
86 98 524
120 155 138
14 17 601
29 128 662
80 152 255
57 72 710
71 80 301
30 140 37
82 108 26
44 48 337
72 129 640
65 155 682
65 133 595
52 148 445
100 114 62
126 159 86
102 124 34
12 127 793
40 68 667
47 78 237
18 127 829
43 159 733
4 87 535
8 92 527
19 28 519
91 137 161
109 156 726
107 151 503
3 49 374
25 136 542
3 147 537
34 58 134
58 99 722
53 155 240
10 89 728
82 109 897
44 63 858
82 83 614
28 82 127
53 154 976
28 58 390
90 159 132
122 159 964
39 62 209
71 104 712
63 78 605
124 128 336
77 92 763
82 110 402
136 148 39
2 47 396
120 156 794
90 136 500
83 96 922
143 150 151
11 104 867
5 145 782
84 89 165
103 141 601
50 101 52
11 117 910
61 149 952
111 130 676
102 147 832
17 29 281
67 88 684
6 98 440
4 86 822
42 78 738
17 37 90
31 36 249
72 139 450
2 82 200
61 134 192
63 158 950
60 67 885
37 54 918
3 44 613
8 32 88
107 143 214
93 94 586
67 116 584
106 133 403
28 87 413
11 32 344
6 70 308
11 59 347
121 141 277
34 156 836
65 108 924
55 100 986
41 127 607
42 157 367
10 122 54
128 132 746
13 97 549
2 137 655
58 133 849
38 114 832
33 72 611
103 132 429
32 77 552
69 151 274
118 125 458
50 151 306
9 47 957
85 98 897
46 132 393
44 157 795
4 22 84
124 130 770
121 150 419
56 101 598
29 32 135
19 45 234
32 68 517
87 151 652
141 147 600
86 115 822
6 34 223
47 122 921
31 154 965
30 111 372
107 142 710
54 58 432
2 122 705
12 26 558
45 96 80
70 144 894
7 28 402
95 96 137
61 71 886
25 35 270
38 82 146
44 106 942
83 94 168
85 153 117
22 141 665
77 112 841
12 122 519
23 156 290
13 92 984
88 144 548
89 148 890
52 91 133
129 150 491
50 62 3
15 141 481
114 160 711
60 154 330
15 32 990
15 29 368
32 59 534
100 110 406
91 97 988
55 92 347
6 122 267
109 122 517
9 16 810
59 92 273
57 151 174
74 96 693
38 92 957
92 98 123
101 137 380
44 110 915
69 116 369
70 99 339
11 66 437
7 76 82
90 133 795
42 120 268
1 37 105
48 160 111
31 63 426
24 133 135
22 60 820
103 144 147
53 145 924
86 134 50
17 41 194
2 141 779
53 95 881
19 73 269
69 130 429
36 42 244
147 148 583
49 54 669
42 107 191
57 104 421
56 64 474
7 9 898
83 147 177
104 131 239
4 41 916
14 89 212
104 115 102
109 148 614
75 153 764
85 99 348
95 109 235
74 123 58
122 128 389
55 86 711
11 43 103
8 55 314
114 121 581
149 157 709
51 107 474
94 138 87
22 63 899
10 133 137
1 128 256
121 138 327
30 132 306
63 99 656
20 82 907
73 124 905
98 123 749
23 85 104
94 150 171
49 64 950
39 130 209
55 155 254
10 144 955
25 41 746
65 149 53
57 131 462
29 110 621
10 160 450
63 77 652
25 44 822
25 84 788
57 93 376
72 87 786
63 105 876
83 153 454
1 20 216
9 123 585
20 114 716
53 131 177
93 122 862
97 145 623
16 22 635
8 154 348
60 109 807
85 109 290
8 120 547
62 160 355
17 70 509
39 72 398
5 12 763
32 111 965
9 148 487
41 131 418
8 132 78
60 139 394
6 125 597
69 94 774
101 123 196
27 82 807
19 144 651
38 142 20
77 94 684
121 135 476
79 129 228
21 29 338
45 91 726
19 74 414
104 129 442
92 159 925
67 124 886
23 109 923
94 123 159
10 46 897
114 150 283
20 100 94
81 88 588
37 138 599
13 160 435
38 70 242
93 96 910
54 122 590
20 57 305
58 96 179
36 46 829
65 84 131
4 109 348
11 71 338
31 147 287
23 96 488
85 147 479
111 159 952
139 152 533
81 119 242
23 159 679
2 51 253
96 146 107
36 122 231
25 135 422
24 26 303
34 84 818
72 134 262
96 119 841
73 106 181
24 84 606
33 149 345
29 38 972
56 88 578
62 68 698
40 86 147
85 113 806
37 157 531
50 68 543
44 67 720
23 66 249
98 149 698
100 153 912
13 149 967
29 53 668
39 66 63
79 91 60
112 148 958
61 147 546
13 125 623
129 131 910
41 150 402
53 80 777
100 160 586
38 73 779
135 144 801
30 139 900
77 137 777
106 115 220
47 89 694
25 88 173
44 47 108
10 13 241
43 146 910
46 91 869
74 76 472
29 86 19
34 120 594
52 116 967
22 95 218
6 30 948
14 136 75
67 152 178
108 126 821
90 96 274
31 159 287
30 146 260
18 120 15
66 109 338
91 93 953
23 148 487
4 14 874
33 154 718
10 128 512
47 82 753
30 32 615
52 118 129
37 109 405
70 154 927
66 150 439
118 134 381
37 85 860
54 86 516
5 64 991
19 92 127
73 120 603
42 77 225
42 116 833
74 132 699
11 14 648
5 152 797
10 45 228
11 21 979
104 143 99
113 148 139
18 45 211
52 157 672
35 149 14
88 92 402
12 41 473
73 139 999
32 47 56
99 144 386
59 100 612
93 101 339
21 110 351
94 129 855
100 107 358
11 139 45
94 105 667
118 146 614
28 37 470
114 152 821
10 61 594
96 112 304
52 102 389
38 68 717
93 115 449
33 99 827
53 103 224
2 40 34
115 116 637
65 160 396
68 139 741
68 85 262
12 149 54
69 88 657
26 67 950
25 31 165
5 90 644
11 99 597
8 22 560
141 158 667
37 52 993
1 59 977
8 31 26
21 58 900
95 126 794
57 133 874
85 124 481
134 136 368
37 57 126
78 150 290
32 113 945
37 62 200
8 107 157
1 156 110
23 33 897
77 119 833
111 129 305
17 110 458
30 78 384
23 101 651
41 137 566
105 118 936
33 153 557
96 111 781
115 128 523
60 112 648
76 78 876
21 47 789
3 158 90
33 78 741
7 131 907
82 88 404
88 154 788
34 45 5
84 156 310
131 150 790
25 118 662
90 125 125
121 125 641
75 136 1
125 131 652
34 140 675
124 133 293
17 82 694
3 96 921
74 126 46
89 125 385
13 153 883
40 118 564
100 123 653
19 145 320
45 74 433
57 105 760
26 102 990
80 102 646
29 155 543
33 159 290
11 96 916
99 139 697
77 123 112
10 25 641
32 64 375
52 90 489
70 130 286
24 63 396
72 73 238
45 89 21
68 124 364
50 65 661
96 118 585
4 45 523
2 149 857
40 70 593
138 158 715
77 90 310
84 148 222
40 66 531
57 148 92
46 117 278
56 142 971
106 154 753
127 136 5
62 100 467
2 96 988
110 112 35
34 113 884
1 21 881
30 71 488
9 108 357
45 69 643
88 93 902
32 100 25
115 154 691
48 49 141
121 131 237
87 107 227
4 10 76
63 142 222
15 36 781
43 127 117
31 104 104
3 132 462
14 81 11
80 119 193
112 133 740
59 110 251
21 82 374
41 91 187
107 109 533
112 157 922
92 105 106
7 149 800
74 124 602
8 116 282
33 93 189
57 63 537
3 67 284
18 83 819
42 136 831
65 128 531
85 123 47
93 99 41
113 116 754
77 91 54
53 65 973
158 159 476
30 47 440
110 133 638
23 75 288
31 108 970
9 157 71
32 45 236
1 94 149
104 108 784
87 136 231
19 113 492
44 141 844
19 52 350
14 151 365
25 150 903
70 83 80
80 96 2
34 54 46
119 158 405
53 100 534
105 157 144
66 123 25
51 128 404
21 105 934
18 116 343
11 140 431
38 40 136
41 113 40
37 59 906
23 72 287
71 160 499
69 131 958
36 141 641
33 109 472
11 136 614
16 113 867
147 156 82
62 64 953
17 117 180
20 64 350
28 110 658
70 145 681
62 105 538
7 59 594
5 150 780
26 32 755
119 130 272
60 75 915
19 67 479
19 37 350
47 159 26
90 126 188
102 114 415
35 51 381
115 150 793
75 149 951
4 146 641
50 97 904
36 120 744
52 79 203
26 86 188
8 98 303
75 146 993
2 85 48
64 69 55
86 159 201
52 153 553
33 45 331
57 73 685
20 130 567
50 72 220
26 34 682
31 142 106
79 89 457
145 154 493
95 147 181
122 136 685
1 87 534
104 141 331
112 138 159
99 127 658
69 91 217
30 133 265
60 128 652
16 134 401
16 52 302
122 135 537
44 81 52
142 145 311
91 110 282
54 57 187
140 152 767
85 128 341
45 123 730
76 147 964
6 72 170
22 89 558
4 5 937
19 100 515
87 98 663
23 145 621
4 158 461
24 75 960
48 102 790
90 154 994
95 130 799
15 136 452
23 89 10
51 116 250
53 122 252
31 109 371
18 100 933
73 81 568
34 49 500
42 123 70
74 151 815
84 115 519
34 112 764
95 98 259
24 113 216
32 132 383
17 129 282
31 60 698
56 105 585
24 46 932
9 121 956
41 138 307
82 86 674
47 75 607
6 80 675
58 121 352
2 77 118
25 155 788
43 92 118
139 150 412
10 134 537
49 138 449
46 146 311
136 155 431
82 131 584
32 54 982
37 96 931
108 148 936
96 159 466
95 118 395
27 59 740
66 142 775
80 103 372
12 49 443
8 28 271
74 116 973
39 110 919
124 142 708
77 146 602
42 51 984
29 111 917
96 110 691
66 101 810
90 135 610
25 48 489
80 141 665
86 141 493
80 146 476
6 77 401
3 139 897
51 61 381
41 43 446
5 95 830
91 140 401
45 58 481
89 159 892
6 150 382
79 125 785
71 110 121
47 106 227
63 152 942
29 89 977
36 124 247
13 70 847
113 149 36
16 19 202
66 146 124
133 154 1000
45 133 597
94 131 326
48 60 603
28 149 460
29 117 505
124 126 646
97 138 535
13 91 750
52 95 919
30 62 820
19 44 982
29 44 150
28 103 433
17 125 475
17 121 108
102 150 475
65 111 637
37 77 99
33 75 263
136 160 490
66 147 189
126 145 813
1 77 455
57 98 133
35 80 83
10 157 811
103 153 389
72 157 493
30 127 887
115 142 71
53 142 642
112 151 864
46 51 851
26 48 934
4 8 80
43 81 733
3 65 226
33 73 43
17 155 938
97 112 113
96 149 290
62 75 283
44 79 797
36 106 960
56 128 455
68 149 414
25 109 869
50 136 436
20 96 843
118 149 591
115 119 370
91 104 637
94 128 13
150 160 797
91 102 493
40 138 647
2 87 283
94 148 771
117 158 540
6 26 894
10 69 293
30 152 222
38 157 811
56 126 617
85 107 220
12 108 281
43 151 353
32 147 308
25 128 599
106 134 97
88 103 120
92 141 504
73 100 272
134 141 752
41 107 58
89 105 309
15 42 894
37 87 863
61 141 151
12 61 397
24 111 797
88 157 960
56 91 224
106 108 387
55 58 447
41 103 538
8 15 184
57 135 460
93 119 340
3 21 576
33 76 500
99 110 61
111 139 710
16 34 85
14 96 420
33 82 871
20 67 235
99 157 334
35 128 853
38 54 969
71 100 649
31 76 887
108 116 386
62 153 829
135 160 99
39 44 40
38 61 470
55 96 858
27 36 404
34 143 531
73 119 480
70 141 411
77 153 197
5 118 282
126 158 494
19 85 615
48 95 150
70 118 308
40 53 721
52 126 178
80 138 89
83 154 455
133 134 90
44 99 568
10 44 74
39 108 290
59 96 234
24 73 330
24 34 129
13 113 901
26 137 878
112 126 467
86 106 693
34 126 384
111 141 166
26 40 257
1 8 32
67 94 624
8 151 186
39 131 706
62 120 716
119 138 714
45 64 378
23 125 630
108 130 26
12 74 454
141 157 824
113 137 126
44 160 255
118 122 282
67 115 988
7 132 669
3 152 452
123 156 879
37 146 402
120 125 598
78 157 733
31 135 825
110 148 864
71 99 141
87 100 494
35 69 685
33 123 403
70 82 527
46 152 476
116 152 251
80 106 761
44 88 874
19 36 143
54 129 153
2 101 427
42 118 479
10 31 8
64 92 976
48 51 910
147 157 206
143 147 614
78 152 782
56 152 555
84 159 653
10 96 175
46 83 659
78 110 742
75 86 190
31 78 299
41 90 315
22 40 937
71 142 540
10 23 646
127 146 925
32 57 336
129 157 13
41 128 430
48 75 453
58 74 221
8 96 692
109 160 272
20 83 711
118 119 459
83 135 776
87 153 337
22 104 927
34 80 242
11 123 821
76 135 435
14 19 598
139 148 97
84 149 268
34 135 266
11 55 737
83 95 511
124 146 331
47 62 550
73 98 452
105 109 276
101 105 862
95 127 913
99 138 814
62 115 948
70 156 426
37 53 323
84 154 64
43 55 631
51 108 647
112 146 817
26 90 990
67 103 477
24 129 606
48 105 207
6 63 579
19 70 478
46 130 222
57 111 752
46 94 595
19 154 600
34 147 903
22 91 154
54 154 950
30 69 718
37 50 858
37 153 53
32 38 169
101 143 595
130 140 239
133 142 184
1 110 445
49 61 826
68 145 477
17 24 858
17 127 637
62 84 731
54 59 910
65 142 42
5 45 971
46 52 720
30 156 68
119 160 712
136 138 554
21 52 628
15 122 23
5 84 802
28 79 715
5 16 517
44 129 602
56 65 28
93 137 143
122 147 173
9 127 926
84 108 177
7 33 282
20 51 19
121 160 170
25 127 6
15 152 552
117 151 111
74 81 527
44 120 486
1 39 423
40 121 970
7 148 821
76 159 681
47 57 276
69 110 351
121 133 225
39 61 110
10 131 174
104 150 298
20 128 136
28 122 329
67 146 823
27 155 128
13 118 261
12 132 151
41 94 318
22 41 352
1 101 46
69 103 909
44 139 888
29 90 153
35 95 947
43 83 528
106 126 98
27 104 849
4 159 399
56 157 662
126 139 544
46 122 777
77 147 97
39 144 900
86 113 670
90 138 305
52 128 608
75 111 529
65 134 794
70 148 846
87 140 197
86 111 368
108 134 664
7 79 615
111 123 857
18 43 149
52 75 95
5 30 55
15 65 16
142 148 984
7 159 252
4 113 703
2 160 302
30 116 641
122 133 993
124 149 672
47 92 646
18 128 380
3 125 482
45 47 657
125 147 508
25 160 562
18 23 23
119 151 454
33 68 62
26 101 344
56 95 339
32 149 872
31 39 689
83 115 26
85 130 861
52 122 370
31 54 516
2 29 504
15 137 639
50 53 591
68 106 116
50 91 187
12 28 427
81 92 966
95 140 427
66 160 932
95 141 667
48 111 974
54 133 413
134 135 343
38 147 880
16 146 218
40 108 152
110 151 765
88 111 140
13 95 93
71 114 734
69 148 729
23 59 484
37 124 335
14 38 337
14 94 776
60 79 88
31 111 919
117 157 749
46 86 280
32 122 747
85 144 183
28 72 370
110 123 735
3 145 818
73 138 428
17 75 365
1 16 252
4 131 703
152 157 836
33 137 36
93 153 486
30 130 402
97 102 123
52 110 459
3 109 911
84 143 104
30 131 832
9 117 742
81 104 369
37 120 390
137 146 530
156 157 673
99 113 827
3 123 686
56 127 797
68 127 91
108 118 389
33 37 522
87 119 306
6 143 373
66 118 929
11 112 671
35 89 487
77 159 69
7 121 57
92 137 955
48 130 121
23 39 773
37 116 135
50 108 937
39 63 182
45 139 647
20 117 867
40 140 194
22 64 474
24 78 462
91 150 435
27 115 789
56 149 951
14 53 176
9 130 679
82 138 778
83 159 844
134 151 425
8 141 742
41 102 237
73 87 167
1 34 826
75 130 111
13 116 384
28 127 70
56 62 458
101 155 909
99 111 103
2 100 839
8 20 289
15 115 788
97 101 53
63 137 668
127 147 460
65 106 633
107 129 396
29 46 611
102 122 537
95 144 203
101 128 988
5 70 291
74 121 162
10 125 294
42 97 238
39 125 837
26 71 222
6 61 461
18 105 807
17 25 873
3 76 155
104 122 681
58 142 170
33 104 471
120 142 103
5 93 374
63 157 700
69 74 982
67 96 527
52 61 484
57 96 290
95 123 140
57 153 478
90 143 477
38 159 572
93 146 550
86 125 730
123 143 773
94 112 669
27 79 154
6 82 686
9 136 182
19 26 963
100 108 897
15 133 224
36 71 411
50 82 950
127 133 705
101 133 397
72 131 287
51 139 408
62 71 305
62 83 726
21 74 587
17 147 834
88 150 142
42 76 980
109 137 244
36 157 224
55 126 935
54 83 813
68 94 704
22 126 839
126 143 180
39 79 879
97 127 894
43 95 41
5 156 884
33 74 704
32 52 162
47 151 789
11 84 580
40 47 516
17 123 6
59 102 195
109 115 440
59 61 432
31 53 74
49 144 929
21 35 1
94 109 600
63 136 966
28 48 309
61 87 493
6 81 341
107 111 782
43 79 834
117 152 964
115 120 631
44 84 364
20 48 101
30 31 956
56 123 286
43 120 66
12 143 953
92 113 859
33 103 239
56 117 736
121 139 948
16 102 677
54 105 26
13 152 392
51 135 385
55 144 497
119 140 842
2 8 142
51 124 633
20 125 573
59 70 325
2 41 609
67 99 41
21 76 874
41 50 17
119 132 900
136 158 738
158 160 107
8 101 535
54 91 393
82 132 27
83 142 377
14 124 888
53 62 728
60 120 138
119 142 756
80 143 226
95 150 628
53 72 902
33 81 75
46 137 648
50 134 367
46 60 499
72 156 814
105 154 355
41 118 489
50 104 808
81 134 594
113 147 400
31 70 476
44 131 480
13 17 437
87 124 458
42 83 53
66 148 975
44 150 193
13 27 13
68 144 43
24 72 715
21 72 882
50 150 969
113 150 146
28 41 176
32 131 718
22 137 551
94 126 182
21 117 244
18 50 258
70 158 656
116 150 411
52 93 580
14 152 219
77 133 763
3 43 969
8 48 290
79 106 562
64 86 469
111 121 196
71 106 953
118 121 599
15 39 788
44 64 556
97 113 365
113 145 220
18 136 342
150 155 100
152 160 375
3 31 854
132 143 754
69 125 526
12 68 778
28 29 899
118 124 891
32 154 830
40 80 646
56 75 318
4 77 657
127 139 905
107 124 849
44 95 179
32 133 690
72 109 161
11 26 366
6 9 178
58 83 605
29 68 408
18 48 507
38 67 816
57 146 321
7 11 687
98 105 669
9 153 16
26 107 417
47 138 736
92 111 545
42 151 277
39 71 167
48 108 411
140 154 538
67 121 709
48 135 14
56 92 709
88 136 221
66 119 952
21 141 499
36 40 721
24 67 45
97 133 520
51 157 258
14 16 479
41 65 708
4 160 723
36 134 412
10 63 834
35 112 417
5 46 462
51 101 694
47 97 795
66 76 829
41 117 590
23 73 931
79 88 171
21 101 776
4 17 885
118 158 993
49 145 898
153 156 635
27 73 558
67 128 226
50 84 395
18 138 822
147 150 904
34 107 246
25 64 686
34 98 810
43 140 808
77 82 524
58 125 617
110 131 766
65 150 608
75 101 244
15 125 69
15 111 638
105 131 949
136 154 749
24 149 418
8 128 871
54 81 205
19 38 139
45 147 490
88 160 221
155 157 33
29 153 739
63 131 886
36 114 799
135 140 809
30 97 985
90 107 758
72 119 711
134 156 951
67 90 272
117 139 993
115 156 974
109 158 986
66 128 249
53 63 93
15 142 13
89 158 221
36 94 244
33 145 440
27 65 545
85 106 143
131 156 469
102 136 306
110 145 773
54 151 304
72 116 621
52 101 278
46 88 173
104 123 130
117 124 777
35 93 822
41 72 881
17 68 515
39 100 253
13 114 872
46 72 253
78 151 457
13 132 535
19 43 240
52 156 48
20 55 863
85 111 106
111 153 886
68 99 26
17 113 387
4 135 207
33 49 487
127 141 288
52 64 501
46 158 334
22 103 95
46 75 123
29 63 392
80 123 593
59 83 864
69 115 379
24 39 278
6 107 125
74 90 330
34 92 292
97 107 704
89 126 483
103 150 416
43 102 661
113 131 895
44 82 425
110 143 122
23 120 57
75 98 970
132 145 794
16 131 161
134 143 816
61 118 500
13 155 884
98 99 218
22 68 667
25 153 320
78 98 526
80 154 177
3 118 593
76 132 692
61 115 873
1 111 542
7 63 609
26 41 138
63 71 335
39 88 870
107 119 651
79 109 307
52 149 557
59 87 343
60 127 925
81 122 548
42 106 514
18 149 1
44 53 821
9 126 682
66 79 724
7 118 226
91 112 75
60 158 678
43 137 788
135 143 577
1 93 610
36 90 722
57 79 38
18 124 684
21 136 648
102 109 884
45 158 588
85 142 430
13 87 427
76 87 899
17 66 916
19 82 597
52 56 529
18 155 216
117 159 416
23 26 716
98 102 519
4 116 697
21 104 756
98 131 640
116 140 579
28 115 39
87 91 711
51 73 437
43 56 755
47 146 587
63 149 390
109 130 980
86 147 325
62 67 12
78 159 678
11 12 808
59 91 949
62 111 296
67 70 347
131 142 584
53 159 8
24 58 570
91 143 176
48 86 389
4 155 339
127 134 276
13 135 219
125 132 559
69 71 777
20 61 572
71 92 762
68 110 475
18 75 180
81 102 34
11 90 416
108 154 599
12 100 809
59 156 214
72 81 704
127 150 509
4 9 963
131 138 208
96 105 363
53 104 969
24 106 788
79 141 14
18 68 945
80 81 631
64 97 209
5 29 760
51 112 671
78 93 72
12 34 304
38 48 425
50 135 652
11 115 959
132 147 687
13 14 558
37 74 216
63 130 474
55 152 654
37 159 568
46 115 137
6 129 120
33 114 76
47 127 745
11 23 937
101 125 585
4 66 610
85 157 398
109 133 899
77 117 187
52 81 1
109 110 114
105 155 368
57 62 440
11 149 251
2 44 633
4 28 408
88 131 108
49 66 356
47 130 476
97 156 321
75 103 389
41 157 617
7 107 224
87 97 332
69 132 628
16 49 163
98 146 954
61 143 80
48 113 679
90 141 786
134 153 746
88 98 883
62 81 46
124 127 882
122 142 4
13 75 183
48 61 441
10 114 686
3 92 172
110 154 939
78 126 439
104 113 587
44 132 745
19 115 121
12 134 10
13 99 630
34 59 376
79 81 396
6 144 925
140 157 211
58 88 853
16 47 445
9 57 490
17 32 438
80 107 324
141 151 614
64 90 96
51 53 729
18 46 950
50 121 553
48 144 876
41 81 757
43 88 975
90 91 721
23 42 16
151 159 73
25 154 311
67 76 115
8 35 124
29 131 495
97 120 937
34 144 563
27 40 567
54 108 640
134 160 376
9 31 713
28 73 960
38 128 398
94 141 403
59 63 161
12 131 118
9 33 119
61 107 744
47 81 823
68 108 636
4 119 990
2 66 362
86 130 540
3 101 160
34 125 855
84 155 479
4 149 259
1 159 595
126 128 216
81 118 575
74 147 768
3 104 723
58 118 799
49 86 309
69 107 101
35 142 535
105 123 857
31 80 613
77 158 818
34 52 778
49 155 712
63 90 131
22 32 792
98 109 392
53 116 578
80 93 900
13 110 742
116 155 156
27 157 737
24 147 225
35 85 5
112 115 541
122 132 340
40 84 513
17 143 531
66 114 324
101 108 638
90 112 246
155 159 217
64 141 459
29 73 193
152 153 757
23 55 561
76 124 210
102 138 271
53 84 550
93 133 443
73 116 945
20 95 125
16 127 57
94 149 83
60 88 874
22 86 793
124 125 739
53 156 946
11 46 940
58 146 503
23 28 9
27 56 220
70 108 681
25 149 561
9 125 222
46 104 694
104 109 944
29 33 57
131 136 151
53 55 84
113 146 182
13 20 95
101 130 415
45 122 288
10 48 890
51 137 494
32 129 556
7 142 380
134 138 3
36 96 968
45 60 860
33 151 993
85 94 316
31 64 420
121 124 556
3 42 670
37 67 213
24 90 300
6 52 264
43 101 212
31 50 480
33 147 354
9 18 677
52 146 880
58 65 692
98 100 106
45 119 584
89 118 862
26 127 537
28 108 266
52 111 186
1 142 940
89 137 202
34 145 994
82 146 333
25 98 411
26 114 987
101 142 642
92 99 755
90 145 517
1 151 59
31 94 221
57 130 685
89 121 75
86 109 559
1 133 930
122 154 108
54 130 558
50 59 322
17 104 640
111 136 922
23 150 440
117 128 956
97 146 350
119 152 264
122 149 561
29 94 44
41 153 383
107 159 501
58 70 844
91 115 981
70 110 213
22 90 36
1 81 425
74 98 281
10 91 174
13 143 104
127 152 899
108 122 270
48 73 364
48 112 477
82 123 831
39 160 456
6 23 446
133 149 55
49 114 482
3 57 740
100 149 83
122 148 943
18 134 672
114 130 948
60 153 767
37 129 932
13 56 649
73 104 845
35 134 745
10 58 818
20 109 767
50 143 682
11 52 602
100 143 471
53 102 879
151 156 133
13 89 669
15 45 282
101 115 918
15 117 366
76 98 889
21 133 185
11 20 160
98 120 190
5 28 579
131 155 861
86 129 230
43 158 12
108 136 26
9 29 151
37 140 525
24 138 443
9 82 791
2 99 917
148 151 88
11 18 135
131 153 229
31 90 244
100 101 118
82 158 42
12 112 10
62 140 666
51 141 137
50 147 70
119 148 220
11 53 88
98 122 919
8 38 199
1 155 904
38 132 391
12 46 573
60 151 908
68 90 183
127 160 507
7 26 272
4 132 561
5 47 227
20 144 652
130 134 381
31 113 978
14 51 917
56 136 369
26 45 772
6 54 429
8 21 731
26 135 411
23 141 672
58 85 843
62 72 719
16 18 177
116 139 205
110 114 590
32 60 922
65 73 522
143 160 470
97 160 103
86 105 780
16 90 412
89 127 2
65 144 650
11 28 595
28 99 224
59 67 142
76 155 489
22 111 271
1 153 915
1 73 445
14 103 162
18 144 35
31 155 22
92 129 337
132 149 278
40 93 243
11 154 291
140 155 142
31 126 51
72 79 537
27 100 956
14 73 118
20 75 108
81 124 467
90 142 934
13 108 670
140 141 45
92 122 794
23 47 156
19 136 143
77 93 268
66 115 972
118 132 129
74 125 854
91 147 825
65 158 208
61 113 819
91 107 123
62 138 294
27 156 965
42 57 631
4 143 617
18 25 806
68 136 96
31 136 11
49 156 742
66 152 198
106 123 9
46 97 857
71 95 662
25 79 422
46 95 539
60 150 247
135 159 527
24 45 570
3 150 371
52 138 232
3 151 65
59 139 881
3 140 360
58 84 189
62 149 675
76 96 35
80 150 958
62 131 862
6 57 840
20 35 803
77 148 480
67 85 176
9 60 632
12 77 339
35 143 896
54 73 899
47 149 737
10 20 709
100 157 19
84 158 521
39 49 386
73 75 195
12 23 297
93 157 122
53 119 875
103 145 137
4 62 320
133 141 187
58 67 819
32 127 36
60 137 112
39 124 953
69 123 702
42 50 603
50 99 733
61 116 488
61 136 500
22 157 414
45 82 37
41 135 350
17 152 205
35 43 969
102 152 66
122 141 73
85 115 572
110 157 985
12 114 660
57 85 976
71 128 149
2 117 963
59 81 145
56 83 412
32 124 422
66 80 742
11 144 983
57 114 862
44 45 393
46 109 911
28 39 812
82 147 151
92 121 110
35 62 223
27 91 787
46 48 163
19 99 913
85 149 461
60 71 3
110 119 109
13 71 280
38 62 268
56 81 840
153 159 49
78 119 189
48 78 984
18 20 559
48 53 645
8 142 475
91 125 14
18 69 73
126 147 886
5 53 782
45 131 624
78 154 187
138 154 187
112 113 3
146 154 142
95 153 504
5 36 571
44 85 942
108 110 701
13 49 956
45 53 674
59 112 185
83 138 759
19 117 6
103 118 899
121 130 246
1 104 432
83 87 178
42 142 737
28 119 677
75 105 585
6 69 515
66 157 219
128 134 557
10 109 371
30 38 149
10 92 276
5 100 182
2 42 706
21 94 986
69 75 377
28 56 306
15 124 236
43 96 429
102 113 959
32 80 513
81 159 595
17 95 354
71 130 626
5 42 276
46 102 813
15 66 303
4 142 929
15 61 339
109 128 598
49 147 223
10 82 194
95 100 392
53 140 24
112 118 498
75 119 980
50 159 795
48 132 866
32 51 490
92 145 215
123 127 674
136 143 404
32 84 82
68 107 83
36 45 154
52 69 626
58 103 808
59 129 482
58 100 315
113 120 48
91 111 80
56 57 607
11 36 782
121 146 401
35 104 916
26 27 144
44 93 404
49 158 41
8 139 206
61 73 616
40 56 519
23 149 266
132 156 563
67 93 900
9 116 82
66 94 540
67 145 601
16 26 44
79 136 338
3 53 531
6 65 157
81 112 986
32 144 320
114 133 87
94 159 783
54 138 807
114 140 932
8 103 888
68 77 488
65 88 249
60 110 649
115 148 209
67 111 346
94 113 444
2 54 457
114 138 477
34 110 461
76 111 514
55 74 99
77 115 832
27 121 578
115 145 340
20 138 393
29 79 128
32 37 23
7 69 562
2 124 863
32 109 364
29 66 376
51 120 213
102 121 541
111 122 291
83 89 851
53 90 816
31 45 246
51 68 668
147 151 822
49 90 790
7 87 162
72 124 375
13 138 376
43 110 748
7 141 922
49 109 381
82 150 99
10 53 649
48 149 238
22 155 252
3 90 184
51 119 341
90 131 804
9 140 20
23 160 177
46 59 230
56 114 45
69 108 170
61 72 297
80 110 518
20 103 194
22 57 373
2 48 658
69 138 671
39 127 956
110 111 650
10 21 847
23 50 645
28 60 113
69 121 176
30 150 503
3 141 535
15 69 15
9 138 703
62 92 243
80 105 210
68 98 809
34 90 460
45 157 334
88 155 980
42 139 256
78 148 242
27 124 359
68 96 261
44 102 5
24 121 737
65 115 903
1 24 368
100 116 43
119 144 202
74 87 35
30 96 447
104 145 1
54 142 851
93 160 290
22 73 229
24 96 296
43 58 863
18 19 203
20 99 33
36 74 59
96 128 675
112 132 847
15 55 836
1 9 132
24 131 336
94 98 671
63 97 167
52 124 337
72 127 384
34 136 392
125 153 751
102 157 437
62 82 747
69 154 306
137 157 297
9 46 538
69 127 616
102 107 828
70 80 361
10 104 18
21 158 661
29 37 69
28 116 952
28 47 97
34 104 345
75 150 358
63 80 102
97 108 165
20 46 149
23 29 76
53 139 730
71 133 646
101 129 229
94 142 257
81 84 23
68 78 505
1 5 563
41 147 460
91 152 24
87 131 95
38 155 916
62 145 287
90 134 266
82 87 86
17 27 646
43 112 666
18 108 72
123 131 368
91 141 909
45 138 19
26 124 538
7 46 579
31 35 448
48 120 375
60 64 957
67 101 252
58 140 705
4 32 624
3 17 25
44 112 648
104 158 523
1 51 564
26 58 660
14 147 625
75 139 439
101 159 151
45 81 149
11 107 6
4 89 518
128 148 311
16 137 62
63 76 593
44 127 399
107 118 23
12 87 119
59 154 148
40 60 867
37 112 152
86 102 938
133 159 156
123 150 92
38 130 436
37 118 278
97 119 904
55 160 13
70 72 353
84 153 169
52 58 955
119 128 573
13 93 91
73 134 26
84 90 918
103 155 127
100 127 810
84 103 490
30 63 804
18 131 117
11 91 731
77 79 492
41 77 168
5 146 267
90 146 615
125 141 830
6 135 849
64 88 569
51 82 218
99 159 180
29 124 970
142 156 765
11 48 43
62 69 490
95 154 885
87 117 959
65 141 518
125 156 269
28 43 521
26 157 164
43 44 863
41 159 729
48 150 680
78 136 809
98 126 454
58 71 957
110 155 590
19 42 212
107 128 400
113 114 713
14 40 880
19 25 627
54 156 157
40 127 279
5 148 709
28 31 815
117 146 564
3 77 575
3 25 652
53 73 329
96 155 605
57 116 908
54 74 734
75 100 528
116 128 982
14 47 955
37 98 887
128 158 682
12 105 305
22 154 976
104 142 828
91 105 312
68 91 986
45 115 478
28 152 951
6 47 68
58 60 845
17 114 431
148 158 697
97 104 320
61 122 823
112 119 71
38 108 667
82 116 409
100 115 737
113 125 528
17 99 275
6 117 942
22 53 497
54 140 678
17 64 417
34 71 251
36 88 363
65 102 403
49 83 807
30 43 992
13 139 216
23 78 548
113 156 129
17 56 170
102 137 654
19 50 209
45 85 454
90 158 742
79 157 872
22 84 641
53 141 468
29 97 620
44 143 507
45 72 19
37 126 771
76 138 994
96 106 539
15 50 474
27 159 677
29 135 488
46 124 861
9 156 936
110 150 386
4 29 466
87 116 262
32 107 661
104 117 71
55 105 158
82 114 631
18 35 330
71 97 671
60 118 809
97 130 540
50 107 604
58 102 845
89 120 728
92 155 514
8 29 216
34 102 7
9 87 826
27 112 737
138 139 991
63 143 496
55 138 66
4 75 979
51 153 958
24 145 642
43 131 765
83 101 164
28 96 264
50 70 940
100 158 688
122 134 576
13 106 56
81 157 749
31 105 694
25 95 681
85 141 475
16 39 474
35 117 897
15 95 228
6 13 354
43 53 199
11 92 563
26 43 647
84 123 906
7 108 98
26 146 62
25 143 447
46 58 183
11 40 412
115 121 110
49 59 324
12 14 112
43 155 832
96 113 752
112 159 919
123 159 71
3 20 204
71 132 914
34 153 381
15 154 853
9 144 866
36 87 352
2 156 47
142 152 58
58 137 667
24 31 479
15 68 98
81 148 159
22 145 584
101 157 699
105 142 476
72 91 800
29 158 678
52 62 969
54 96 542
31 152 482
35 70 457
20 124 619
130 136 879
24 115 576
13 25 926
76 93 680
67 71 415
87 125 535
86 133 361
64 109 826
78 88 198
18 57 831
116 159 104
131 141 963
49 120 815
20 66 351
59 72 803
89 160 41
56 58 77
51 158 344
126 155 36
86 121 669
58 117 839
138 146 691
54 125 599
6 73 239
66 116 11
50 152 23
89 149 158
2 121 754
1 65 761
16 149 995
24 124 681
86 123 509
18 106 778
71 146 314
95 135 569
124 150 16
116 117 982
92 119 607
26 133 455
92 110 682
84 120 38
75 92 737
80 104 418
129 146 893
25 115 846
112 147 813
70 133 324
33 134 268
65 127 111
26 110 375
9 69 85
16 112 384
45 134 289
45 148 818
15 22 243
103 120 358
109 146 168
78 101 817
7 120 485
4 130 463
68 88 794
8 97 238
46 73 700
64 131 545
22 67 174
54 119 784
10 81 690
34 137 803
74 89 173
46 54 535
48 134 718
112 136 650
34 50 674
7 52 981
57 60 89
44 146 336
50 76 317
38 65 914
138 151 397
110 118 109
19 46 420
16 133 435
84 91 128
4 69 187
114 134 714
30 104 838
4 35 600
129 144 841
41 145 473
33 116 564
12 153 991
72 77 771
21 126 380
24 117 443
4 90 404
6 44 97
11 98 821
32 96 661
44 105 710
15 19 985
24 69 885
116 119 168
11 38 468
53 76 520
13 111 464
73 111 316
106 153 105
2 154 131
127 142 111
83 111 178
2 119 3
2 109 300
106 140 205
23 139 732
56 109 946
32 145 579
33 64 163
69 141 188
68 121 933
52 154 718
25 125 464
37 111 452
3 105 86
39 73 819
44 126 111
77 150 484
126 136 863
95 138 924
55 59 586
24 40 360
93 142 452
91 98 54
13 119 973
60 103 150
136 156 303
8 125 296
60 99 367
76 141 865
15 126 315
16 80 460
112 144 659
124 139 168
60 69 45
124 143 224
71 72 953
80 88 283
33 59 65
34 43 86
23 54 882
44 76 426
93 123 542
73 146 72
27 86 877
66 139 326
77 136 250
23 69 240
35 131 5
64 118 487
92 102 728
46 70 903
26 99 193
21 86 985
83 141 751
32 53 884
68 143 905
5 73 607
58 122 810
83 155 440
41 95 96
81 95 705
105 114 351
91 144 442
42 49 467
109 124 195
35 97 965
86 135 832
21 92 12
59 134 873
3 4 442
105 127 738
73 80 177
52 123 11
3 12 172
49 143 83
6 59 227
91 101 759
92 150 696
132 158 696
68 140 816
11 130 940
52 112 428
72 114 520
84 131 496
114 154 940
46 134 700
35 105 165
84 137 923
77 151 275
22 100 591
17 42 267
14 23 715
100 150 777
143 148 44
71 151 615
142 159 699
28 138 769
97 116 961
128 152 509
62 70 227
38 137 442
23 138 123
13 40 960
6 8 82
50 79 59
93 154 823
33 106 81
30 58 915
136 159 269
78 160 659
33 115 759
4 88 557
16 118 49
26 106 227
108 115 470
21 73 424
65 93 655
58 80 960
34 38 730
28 154 390
52 141 549
6 152 19
5 139 774
80 87 855
42 111 197
60 86 819
101 140 236
50 100 105
30 85 598
85 138 319
145 159 265
46 135 921
67 81 839
16 101 81
18 82 811
2 113 861
31 57 128
15 25 11
41 122 510
68 81 4
73 82 643
65 95 657
58 73 31
65 124 678
88 109 994
109 144 516
1 102 773
21 28 592
94 119 905
67 95 554
29 92 469
8 147 654
27 66 948
52 54 477
53 114 452
14 128 526
140 159 870
11 67 775
46 157 500
29 60 124
81 156 526
50 122 852
96 138 963
71 111 853
42 105 875
5 106 111
97 143 552
113 136 599
22 80 979
72 141 961
23 57 827
119 149 323
78 108 128
59 66 181
70 91 623
129 153 628
63 92 573
106 149 263
29 140 982
27 39 477
48 114 435
22 54 625
36 77 145
77 84 166
28 150 980
40 77 59
77 126 170
76 160 61
50 128 146
39 45 940
137 153 323
60 123 854
47 123 263
16 69 177
120 122 330
107 113 3
111 135 183
24 160 518
43 107 100
45 51 420
54 145 201
34 94 79
30 129 216
48 100 217
57 76 993
39 116 732
16 103 144
71 89 757
129 154 106
16 121 16
72 135 765
84 157 164
41 89 480
126 144 68
142 143 782
27 108 273
138 152 545
52 108 190
57 122 827
41 59 383
19 112 870
136 151 374
113 133 17
90 111 481
27 33 357
78 90 870
6 29 641
25 134 893
76 125 523
28 93 216
48 54 883
16 33 668
32 151 42
66 156 336
42 62 174
11 82 119
134 139 204
13 154 332
119 139 967
76 157 72
21 137 656
36 129 391
1 96 689
46 99 828
49 123 577
115 123 409
43 65 743
2 49 380
36 89 356
55 113 222
76 156 558
109 135 457
27 126 466
19 71 145
94 95 130
43 50 437
32 46 259
10 129 446
62 127 843
28 114 663
11 158 141
34 138 227
97 100 937
132 151 288
96 116 423
40 146 287
148 155 414
18 27 454
53 107 322
67 98 734
26 73 520
44 72 98
7 130 167
52 96 117
26 158 788
95 102 259
122 127 612
17 78 727
16 111 774
48 52 526
15 134 442
33 156 978
40 131 108
142 146 642
30 48 954
107 112 303
57 117 658
135 151 674
68 116 581
43 160 515
51 115 998
70 95 393
72 99 513
110 117 578
74 82 146
18 97 151
89 156 868
24 159 769
41 125 398
131 158 593
28 113 288
101 146 112
24 146 260
19 47 70
137 147 564
5 122 725
54 120 578
23 105 219
85 101 91
89 131 725
36 83 787
39 54 443
11 116 888
108 140 822
154 155 826
109 134 618
87 157 294
99 119 767
45 143 617
27 90 112
24 92 846
54 60 578
51 52 964
1 138 462
30 145 892
66 107 950
25 32 744
36 110 45
76 116 550
17 126 719
51 90 678
63 101 455
17 46 516
105 134 837
93 126 2
98 147 758
98 154 946
18 133 327
136 137 769
29 144 143
24 56 152
7 128 250
50 102 546
2 123 393
34 150 895
28 88 193
113 154 600
90 118 321
21 83 246
70 120 475
13 86 684
79 102 782
92 95 664
72 152 326
10 65 155
20 116 920
36 153 8
30 113 446
68 120 237
15 84 122
11 37 889
12 110 471
114 115 302
19 153 600
83 85 758
44 54 504
27 128 9
53 78 527
57 75 239
35 120 546
8 81 542
60 62 685
2 65 619
43 135 409
29 108 689
14 76 734
117 148 113
118 120 362
19 97 470
14 156 569
72 88 987
7 21 837
1 78 786
98 114 641
10 42 199
88 110 272
21 130 583
52 104 967
13 117 62
86 91 273
31 131 542
102 104 85
97 151 507
5 18 103
19 88 431
148 154 756
37 139 558
77 122 278
12 147 245
29 59 443
2 32 145
102 145 44
23 34 383
99 148 860
29 156 948
23 100 729
83 92 951
10 102 572
130 141 534
85 112 330
119 137 660
46 56 18
11 147 547
117 136 635
35 139 788
16 20 775
72 100 603
79 137 568
14 61 332
38 122 677
95 99 764
20 134 843
97 137 661
106 156 226
57 127 90
114 141 252
27 143 779
33 117 687
50 109 871
18 26 42
16 76 264
45 127 944
43 141 780
61 142 976
85 108 265
38 138 146
9 19 651
57 147 981
17 19 630
16 153 261
22 99 832
9 15 309
2 145 999
51 56 711
25 103 606
41 87 330
95 139 328
27 34 272
17 115 54
13 21 30
91 100 203
37 40 58
54 123 207
80 114 864
14 101 511
39 64 969
90 152 657
37 56 749
136 149 529
94 160 73
36 76 981
62 114 637
14 25 400
144 151 727
22 46 290
11 128 278
51 123 841
26 76 615
138 155 1
80 135 806
20 34 757
4 103 106
20 147 762
15 33 570
9 100 930
34 151 459
41 126 681
50 132 751
59 120 528
94 102 942
90 110 603
43 61 648
142 154 153
89 90 751
95 136 564
6 104 61
7 68 713
85 89 303
84 114 892
20 119 619
2 24 490
53 59 832
108 133 245
16 21 260
78 116 903
115 129 880
83 93 847
26 93 301
90 137 757
35 115 556
69 97 584
32 58 707
37 131 596
73 76 404
7 151 457
88 115 71
27 101 911
5 34 978
19 98 531
88 112 318
87 141 604
2 11 189
20 52 755
42 130 571
123 135 883
140 156 421
72 159 681
44 135 172
151 158 911
114 117 164
72 137 335
72 105 360
120 126 787
73 123 167
47 87 333
44 114 813
72 145 716
16 98 327
37 147 150
35 151 47
86 104 719
52 152 808
30 84 124
43 106 540
108 146 730
33 142 896
42 45 138
57 69 445
96 123 345
65 92 237
84 133 967
63 75 522
47 52 640
12 13 415
30 89 267
2 46 152
41 63 582
36 156 685
13 122 524
47 80 89
22 109 153
145 147 264
32 110 606
100 154 59
105 148 709
42 140 333
21 77 244
27 160 782
34 123 798
23 126 344
119 150 403
45 56 25
53 92 547
47 124 524
9 92 976
116 142 524
111 142 24
106 148 96
67 147 393
26 77 271
93 156 470
157 158 456
111 160 359
116 129 878
64 98 120
11 132 56
8 61 620
69 149 157
25 66 133
41 47 475
67 137 839
34 91 727
28 46 1000
107 156 497
7 99 999
58 89 205
106 121 920
15 58 553
85 135 831
11 89 469
76 120 799
64 74 555
55 141 51
74 115 433
25 87 579
8 149 720
14 32 328
77 105 39
73 142 623
71 96 472
81 121 815
71 93 156
129 139 221
125 140 375
16 109 94
48 64 982
22 121 548
114 119 516
13 73 259
98 117 787
68 114 125
30 80 419
35 153 798
90 95 992
9 36 749
17 33 448
47 59 414
23 84 260
42 66 568
90 109 12
39 41 130
29 80 280
30 92 861
6 15 152
34 106 477
55 101 347
2 134 769
58 144 959
53 112 422
51 86 540
130 145 496
12 98 269
14 116 553
9 78 109
51 96 932
150 151 339
55 88 178
76 144 232
78 86 955
122 124 495
34 41 345
65 114 17
12 42 778
19 35 307
67 136 97
2 79 598
14 157 200
44 57 343
97 135 73
76 126 685
115 159 858
63 86 925
13 43 772
11 41 588
131 152 270
71 121 797
1 48 111
46 90 129
50 69 500
5 68 992
7 113 272
11 114 121
34 93 89
3 62 399
30 33 246
78 155 697
74 154 970
18 156 981
152 158 465
90 102 398
112 160 375
15 96 174
52 117 914
16 86 558
142 151 106
30 88 725
6 40 68
15 27 178
28 117 116
54 92 454
45 101 203
59 140 395
84 117 57
2 71 424
2 16 359
36 73 16
108 135 836
46 67 362
1 33 157
93 104 908
28 139 664
51 145 169
25 33 396
2 83 153
105 121 633
27 122 120
5 19 280
59 71 586
84 152 434
86 92 558
56 148 456
9 23 865
43 76 919
102 133 665
117 135 449
6 75 207
143 153 224
86 117 219
19 110 962
86 152 787
20 32 710
49 132 980
11 78 766
58 98 685
46 153 304
26 109 579
5 116 121
67 148 833
120 127 304
48 156 897
75 83 21
4 24 58
65 76 70
85 137 776
1 150 977
66 84 627
87 109 699
61 91 232
74 133 389
51 126 438
46 131 661
77 134 613
18 85 653
81 82 69
103 126 328
91 124 271
156 159 342
27 52 805
98 124 143
48 55 115
55 85 140
146 149 99
31 69 313
54 149 897
22 146 824
83 88 464
55 132 71
71 158 723
8 54 358
1 35 301
65 126 446
31 102 864
27 28 133
73 90 837
139 146 475
52 120 549
47 140 589
1 12 944
61 75 96
125 157 309
88 101 495
74 152 190
56 110 922
105 125 206
99 131 471
7 92 465
69 73 496
71 131 120
64 111 796
64 72 343
26 150 291
65 67 530
21 33 954
103 130 798
73 84 860
90 101 208
82 126 855
33 110 20
80 133 284
76 88 257
8 70 470
51 79 402
11 146 396
41 76 858
1 107 172
38 87 822
31 47 731
39 118 384
101 113 785
60 105 750
5 158 544
26 140 116
97 117 193
61 109 160
53 120 315
105 141 404
29 122 76
45 108 612
96 160 477
101 144 682
23 43 20
85 110 689
1 2 544
7 49 341
50 133 496
56 130 269
75 79 876
96 133 505
2 118 717
8 77 479
30 121 241
8 63 192
79 140 759
5 99 675
127 157 573
27 41 164
22 140 874
62 85 190
4 15 683
1 43 529
11 19 289
16 70 264
49 76 320
71 82 874
33 100 932
91 121 553
50 146 224
1 105 860
17 136 807
79 112 612
24 25 730
134 145 80
59 89 88
30 114 152
15 75 931
112 125 95
96 129 66
70 71 404
33 83 17
42 119 57
50 96 839
13 105 851
8 152 136
122 152 876
83 128 546
9 43 220
101 114 458
7 56 346
72 113 446
21 54 15
66 120 857
80 149 619
112 139 638
36 132 746
7 82 709
69 142 544
25 72 393
2 97 791
80 111 866
50 149 540
128 151 503
128 137 197
35 47 677
11 129 594
21 65 523
113 129 998
3 73 314
91 156 357
23 65 3
103 149 555
16 45 29
39 115 186
23 82 670
57 139 387
97 128 473
12 43 65
15 149 627
132 150 440
73 151 152
34 68 40
50 80 461
99 145 486
126 141 447
29 99 558
126 129 870
34 114 262
2 105 205
44 49 735
92 158 459
20 155 760
48 124 333
27 72 445
34 66 759
26 142 283
1 115 779
32 48 290
25 101 881
144 147 324
38 52 216
82 128 161
16 141 698
43 51 849
76 113 998
63 88 87
67 113 457
39 40 982
69 160 485
29 91 530
83 158 856
87 156 84
23 30 125
30 144 449
95 149 724
47 98 240
81 128 192
14 139 66
82 155 735
98 112 165
116 120 619
5 50 945
67 83 332
9 45 802
9 65 704
31 92 294
5 124 327
19 123 904
43 93 633
43 69 22
24 114 599
17 140 265
97 150 850
14 108 537
6 127 165
5 123 419
21 140 973
1 114 609
20 137 427
7 50 154
145 151 30
15 21 455
86 96 929
58 155 925
105 151 579
19 118 414
81 85 233
26 28 3
42 96 256
23 143 538
118 150 631
1 106 75
26 50 511
8 123 352
2 5 14
86 126 922
126 153 88
44 138 344
76 127 387
2 148 948
74 117 340
23 32 640
21 38 244
22 38 132
26 57 755
2 152 24
21 113 988
48 72 89
59 113 41
69 106 83
63 89 675
19 55 468
39 133 852
34 99 657
19 101 633
1 148 600
57 121 745
107 114 965
96 124 466
77 131 150
93 120 488
3 143 829
89 142 875
22 134 254
118 142 926
5 121 457
26 128 323
25 96 411
25 112 641
59 60 805
74 143 77
17 23 701
18 24 368
115 141 217
133 146 920
6 108 437
116 153 785
27 67 777
77 108 861
40 82 765
5 58 421
96 156 825
53 127 79
110 147 743
38 93 660
149 155 647
72 82 292
148 157 635
76 82 469
59 73 883
9 66 950
71 137 110
8 14 199
139 140 60
117 144 439
33 94 118
74 93 912
99 109 138
65 135 285
98 129 692
28 35 117
91 131 404
68 113 917
143 154 738
6 50 191
54 126 303
80 95 273
114 132 706
12 33 915
43 52 405
55 149 725
25 158 163
89 123 177
113 122 181
44 83 808
68 157 765
17 52 676
3 63 405
18 79 200
82 127 33
3 88 880
5 52 15
21 125 835
3 36 124
31 86 802
64 150 847
14 90 425
8 39 141
95 122 658
10 155 907
25 42 929
105 120 541
43 60 456
140 160 920
111 137 524
50 88 965
44 119 358
24 116 868
51 150 385
37 75 282
73 130 544
8 156 593
24 52 886
60 119 174
19 62 605
87 122 659
31 48 921
20 63 821
37 64 143
21 79 694
24 54 572
11 119 886
54 90 372
62 95 621
56 121 931
29 43 845
40 91 279
58 116 824
73 93 19
64 158 45
36 135 544
51 140 981
53 148 597
82 118 772
40 76 648
34 139 160
21 103 900
10 34 733
52 92 429
93 158 127
23 99 398
49 52 682
104 137 252
92 149 238
25 133 755
125 148 334
87 94 712
40 92 3
4 13 749
32 56 111
71 75 859
125 142 575
58 61 133
68 109 603
38 106 804
58 141 33
100 138 670
52 106 776
75 137 491
103 110 969
6 157 749
65 157 450
128 138 84
52 119 601
77 83 539
87 121 564
44 91 159
35 41 716
45 93 231
1 112 338
7 102 256
100 144 584
86 160 928
1 10 300
54 146 366
115 149 76
13 112 819
80 131 690
27 64 632
63 128 405
45 135 262
78 147 799
107 158 617
77 100 288
40 105 283
103 152 984
66 155 659
71 150 806
43 90 503
67 160 149
31 84 458
12 160 880
42 147 95
32 74 531
19 40 222
25 50 404
34 159 908
18 132 929
41 86 485
76 123 524
75 132 873
12 52 150
32 140 715
39 50 231
63 135 745
85 158 550
41 142 951
16 61 528
33 118 722
116 123 572
47 56 989
54 64 845
31 71 582
99 134 304
60 124 205
38 104 109
45 77 623
9 71 346
157 159 521
82 95 659
17 135 62
66 71 685
58 157 669
9 54 77
25 53 1
15 159 529
15 99 14
89 117 588
104 128 93
3 34 61
52 85 144
33 52 552
21 81 918
63 153 477
99 116 193
143 159 530
156 158 566
14 82 855
123 142 959
24 98 726
49 70 652
100 142 672
95 157 97
6 124 70
4 144 321
10 86 80
57 94 555
40 106 545
56 124 663
28 30 74
2 92 858
1 79 976
55 159 350
62 119 246
11 57 209
36 86 117
39 51 46
52 80 938
53 136 888
50 55 567
17 96 71
46 98 822
42 135 610
44 152 281
58 149 912
77 111 253
107 149 917
129 136 884
106 132 48
65 83 44
40 109 468
23 151 924
48 76 979
61 70 159
2 36 20
134 159 932
51 104 176
129 149 939
3 97 562
70 139 237
40 94 541
36 72 217
44 122 630
128 139 837
12 111 681
64 76 365
12 86 984
58 82 458
61 140 944
47 158 761
70 119 7
45 78 433
7 110 642
64 129 6
12 29 914
79 121 395
135 142 511
1 74 434
15 144 619
56 104 37
63 69 948
11 65 986
63 154 896
95 113 116
45 46 462
31 62 899
23 71 501
88 108 143
11 156 649
127 155 425
57 66 881
20 90 109
105 122 319
78 130 437
25 38 568
26 81 500
89 152 591
47 53 600
88 106 147
78 102 497
134 154 491
42 129 335
85 136 588
31 133 140
59 105 810
24 136 519
128 145 819
61 95 795
82 160 215
28 160 941
44 51 78
40 135 694
97 98 736
5 77 496
48 74 893
54 78 641
7 157 673
2 107 826
57 137 413
32 123 558
66 132 966
73 147 169
124 131 498
48 145 50
52 113 835
35 111 279
65 145 683
114 126 938
2 103 485
5 60 407
10 143 272
6 138 713
24 125 250
84 116 842
55 129 544
10 141 774
1 72 97
36 58 412
111 134 464
107 152 904
2 53 549
66 140 970
2 147 153
10 140 911
16 96 129
50 105 256
102 154 572
57 136 365
66 74 58
3 10 537
54 68 190
71 129 569
15 57 541
30 45 152
66 159 13
71 134 917
5 134 619
23 104 502
16 130 165
3 93 559
73 128 521
45 52 32
91 94 48
37 143 907
105 145 886
93 113 416
27 94 186
88 127 377
31 43 758
123 152 29
76 153 691
103 104 805
6 74 598
40 44 189
26 42 128
1 137 381
104 154 267
62 117 733
64 105 291
21 45 878
70 112 195
17 149 776
113 126 152
32 106 383
19 23 189
12 145 690
71 119 221
103 146 308
20 159 311
75 133 934
12 121 606
41 139 116
86 116 888
56 116 540
26 63 741
130 157 5
79 111 882
102 139 545
83 143 55
53 57 917
33 47 118
24 71 815
12 92 555
80 90 610
1 69 920
62 74 135
86 140 738
37 114 603
104 107 562
60 70 252
15 153 239
86 154 994
69 78 326
62 150 310
4 108 311
73 136 154
86 108 278
7 34 105
21 156 125
8 58 342
78 109 509
6 105 208
79 104 428
33 84 677
16 159 282
89 154 917
52 143 460
30 147 667
46 80 250
55 133 423
75 81 890
99 126 8
143 151 417
98 119 146
42 127 720
26 82 619
92 118 292
39 113 243
63 87 744
30 68 558
96 131 664
28 51 952
2 80 200
7 104 408
118 153 568
119 124 175
30 60 469
44 108 500
95 108 664
20 152 546
34 127 506
33 95 132
133 150 822
1 122 462
103 114 479
101 149 846
54 110 531
36 133 452
120 133 23
86 132 55
46 62 679
28 153 337
54 135 678
91 108 963
50 142 646
37 148 173
60 155 751
25 62 1000
75 128 937
66 68 759
42 108 754
56 82 494
25 137 317
42 92 907
30 76 104
10 41 895
9 68 583
68 152 183
136 141 208
89 101 461
9 13 846
40 85 493
102 118 321
50 130 114
29 77 678
112 131 209
19 54 361
120 139 89
27 54 651
152 156 691
18 113 827
68 137 728
53 70 328
92 120 470
39 75 505
5 160 509
16 36 217
16 35 160
32 150 471
14 56 859
66 99 70
78 105 841
77 127 903
6 36 4
15 100 91
100 106 792
98 152 206
39 112 532
63 155 245
37 121 126
10 28 814
40 88 342
51 83 67
149 159 96
18 87 843
74 130 556
70 146 929
8 10 52
40 152 400
127 151 62
76 90 917
45 66 80
70 73 467
27 152 683
23 35 156
68 89 154
111 126 129
19 32 301
32 92 317
45 61 866
35 84 979
31 91 398
17 61 477
19 156 363
17 134 990
85 126 3
63 70 804
35 82 779
41 111 926
29 121 407
91 116 366
58 160 200
8 34 467
77 95 896
5 88 388
9 30 601
99 137 820
24 157 176
47 131 864
5 96 824
11 42 807
17 137 579
8 131 684
32 63 341
128 144 632
92 136 806
115 144 391
88 138 217
4 64 752
90 97 679
103 105 558
53 77 23
128 129 136
56 125 278
30 72 935
74 127 110
81 109 258
40 103 556
11 105 82
102 115 689
26 55 153
43 157 246
126 146 958
79 123 653
120 140 214
49 107 104
87 143 137
129 158 324
111 114 467
25 117 55
24 55 519
31 150 30
30 154 212
2 95 769
122 130 413
85 133 146
4 57 350
90 151 318
37 122 709
25 75 135
110 130 184
20 143 882
55 95 178
90 119 117
103 148 614
60 83 167
94 111 656
51 111 101
96 98 458
1 14 256
102 103 945
69 129 179
62 98 152
102 106 44
42 137 638
83 122 228
81 142 21
31 38 901
13 45 141
106 152 834
74 105 332
151 157 571
92 138 539
4 6 745
112 156 573
110 124 402
121 145 155
17 76 435
79 94 929
21 31 778
70 132 25
35 78 164
36 81 43
64 156 963
42 114 578
42 131 670
49 94 596
8 68 216
5 131 128
81 146 796
51 152 730
33 65 936
10 75 531
20 87 878
57 140 304
32 40 523
70 135 3
23 110 92
22 85 65
74 75 933
37 63 270
39 104 520
151 154 777
6 91 659
97 158 428
76 115 844
88 148 398
12 31 484
81 131 913
4 52 640
38 148 748
16 51 965
66 81 920
48 115 210
125 129 322
71 156 596
73 115 272
36 105 639
9 118 150
25 85 823
94 97 215
110 126 520
113 119 958
56 78 734
47 84 44
123 141 739
123 130 229
73 94 276
80 92 838
5 61 891
78 113 948
6 64 312
31 129 413
19 58 697
108 152 269
36 65 330
90 128 66
18 56 468
74 104 354
65 79 558
28 59 370
80 113 164
16 155 239
139 147 791
20 89 349
16 156 929
97 103 722
146 148 714
44 123 928
124 145 855
26 134 742
130 156 197
108 109 378
50 127 630
69 86 121
62 146 473
103 106 863
35 125 494
11 131 535
43 117 167
7 133 389
67 154 298
22 39 208
41 62 735
94 114 637
25 89 815
21 100 664
50 138 255
8 71 867
44 118 51
79 97 116
14 26 241
87 110 83
46 69 816
89 128 355
14 137 762
29 57 698
15 62 185
13 147 856
60 138 473
54 109 247
89 146 870
41 61 428
73 79 495
15 67 974
141 146 730
12 25 6
13 124 710
27 131 99
9 154 679
49 134 852
17 49 110
114 136 758
72 94 499
74 101 221
97 139 91
17 88 542
51 67 564
53 71 785
66 87 949
19 20 570
6 128 881
58 64 419
57 59 943
93 125 316
68 103 450
12 15 745
3 122 206
85 90 148
58 69 639
53 61 888
96 158 248
21 111 468
96 120 838
40 87 688
4 54 447
33 54 358
17 59 475
18 44 440
76 94 943
72 151 754
5 133 107
9 132 630
73 89 962
137 159 901
95 119 436
4 70 973
20 44 315
6 102 725
5 137 281
3 144 96
32 50 307
55 82 153
83 117 254
50 58 228
6 25 565
82 107 231
76 114 788
53 125 524
29 152 959
130 144 928
16 46 509
40 46 718
10 99 275
113 117 180
40 72 388
100 103 704
79 95 868
116 133 953
5 91 295
75 115 421
37 91 939
10 37 230
99 152 101
32 105 61
12 133 344
44 149 952
17 71 692
37 47 688
13 141 476
14 99 388
108 151 665
141 160 687
123 129 317
123 126 938
42 63 51
96 121 728
17 100 409
3 142 53
90 121 120
67 75 1
12 156 43
39 99 760
111 120 598
20 73 429
53 56 56
39 46 279
51 154 311
48 81 734
20 25 155
49 84 263
15 107 845
124 160 910
69 158 832
108 117 695
22 45 42
2 143 728
49 118 462
72 154 966
15 150 167
110 129 246
59 157 164
49 157 884
2 108 427
14 141 386
13 36 117
12 75 533
58 153 578
4 148 497
78 107 485
112 123 977
117 123 31
68 69 63
134 152 197
51 91 8
88 152 913
26 118 714
61 67 388
2 104 521
18 151 949
8 17 50
8 111 10
2 112 702
147 153 720
12 53 391
117 155 264
12 57 50
6 31 429
41 74 369
145 149 790
18 139 404
3 159 412
42 73 462
47 70 574
31 89 383
135 158 266
114 146 978
3 103 957
82 93 910
54 89 14
4 33 218
39 158 250
151 160 566
95 131 598
99 122 236
12 113 385
10 106 82
154 157 769
81 87 22
72 148 413
58 59 976
91 119 593
52 114 342
9 27 416
32 55 208
77 152 955
58 136 247
14 37 757
76 143 141
30 65 248
22 42 428
55 103 370
99 155 708
91 92 607
54 80 543
82 157 121
55 143 891
44 136 219
42 128 275
104 147 80
9 12 308
4 79 479
31 101 898
23 98 117
1 147 648
22 143 127
60 100 120
18 111 795
54 67 265
79 107 5
5 6 492
124 132 698
61 98 143
58 128 266
16 145 522
83 114 939
139 145 368
68 130 724
19 138 182
32 137 511
17 40 856
96 102 975
135 147 511
54 155 530
38 141 438
114 159 976
22 117 127
107 110 348
16 135 259
67 84 290
46 100 995
8 18 301
109 152 953
63 64 788
15 120 489
86 139 517
31 82 954
41 141 2
63 118 97
109 118 221
39 146 828
89 96 690
48 126 185
43 118 895
42 145 215
3 149 427
19 121 18
138 150 858
48 68 722
9 62 412
32 143 174
38 118 323
39 148 60
156 160 787
98 115 172
41 158 624
36 127 968
43 99 626
93 100 439
88 135 389
100 134 607
6 94 254
83 139 793
124 151 874
79 139 949
20 76 69
25 40 909
35 98 606
5 57 137
75 160 759
1 120 875
118 130 85
108 124 143
21 108 163
2 142 345
15 146 969
90 105 259
17 150 383
148 159 472
78 97 494
67 114 831
45 140 71
4 49 444
3 74 256
8 105 907
75 78 90
99 129 703
53 121 605
28 105 632
97 155 245
6 103 69
34 77 797
141 145 733
119 131 662
12 63 369
27 44 698
44 130 595
51 105 410
84 135 4
34 141 820
43 133 852
21 95 217
8 119 804
70 151 852
44 155 799
46 50 341
10 38 82
66 83 32
120 135 566
17 148 420
92 146 142
89 95 574
64 65 710
7 90 693
104 133 545
6 130 789
61 82 613
30 83 67
17 92 286
8 64 733
123 136 959
114 144 531
2 15 21
12 18 631
10 85 530
65 98 273
83 106 954
130 160 43
23 31 530
47 105 586
15 158 266
120 150 679
20 77 712
82 133 763
72 93 927
8 93 97
93 127 209
11 141 501
141 148 116
11 108 354
2 30 578
54 139 331
49 110 378
59 153 539
66 141 857
82 139 223
40 122 121
63 141 808
26 103 642
39 92 869
10 22 303
36 148 144
88 140 49
107 121 132
76 106 330
3 153 710
83 104 752
77 85 687
84 106 136
55 62 304
18 65 655
59 150 183
5 21 49
12 35 725
21 109 986
51 110 228
26 100 415
75 126 474
71 94 348
9 86 409
72 107 727
89 132 392
93 105 619
49 100 679
70 121 851
113 135 349
123 146 182
29 143 495
125 134 79
57 82 805
66 70 862
93 148 852
93 128 848
77 128 691
25 80 350
81 133 904
24 127 226
103 140 934
18 81 502
44 58 754
43 145 982
54 69 912
15 97 92
62 136 805
101 117 527
40 52 120
26 36 25
113 157 524
14 54 847
88 122 467
61 112 254
15 40 597
123 124 109
102 119 58
65 122 630
85 160 560
57 138 471
37 119 646
109 113 653
75 156 932
52 73 305
128 153 779
121 123 856
5 14 359
87 160 19
56 146 511
4 63 855
21 36 63
42 65 983
37 45 791
29 76 674
36 123 398
15 18 245
74 142 620
95 110 745
19 93 311
70 75 178
117 119 716
80 132 783
48 93 888
52 59 797
24 152 419
46 61 562
75 155 23
75 116 238
26 35 161
4 120 668
61 68 680
48 50 315
38 143 601
28 145 295
140 150 500
108 114 250
88 121 420
14 143 727
100 121 121
7 45 675
142 153 660
27 110 709
38 89 831
102 159 8
140 147 708
21 60 853
22 52 889
99 150 73
22 77 890
138 157 989
18 135 998
3 33 272
69 146 883
27 81 746
61 66 374
52 147 823
102 120 772
121 153 122
77 99 696
25 142 868
62 102 964
18 104 51
8 37 47
14 140 663
18 121 570
56 151 241
11 25 877
64 116 576
41 121 860
87 159 737
57 129 174
84 93 314
6 113 749
131 151 50
34 85 503
104 144 800
25 78 87
114 148 475
51 76 180
60 134 214
22 123 719
85 121 248
105 135 907
102 129 523
35 59 743
8 135 186
63 117 203
29 119 679
12 51 880
21 149 45
38 101 245
10 135 771
53 128 816
76 128 377
19 148 945
7 60 663
92 108 139
84 146 209
4 73 484
72 78 233
47 112 211
4 38 267
45 117 943
42 52 563
6 60 506
42 75 475
79 115 606
24 130 385
120 136 347
39 53 508
109 114 96
64 148 391
115 146 970
32 142 463
18 67 980
68 123 883
68 142 534
3 40 583
70 79 644
75 88 452
4 59 69
122 139 946
18 112 181
30 148 283
57 118 472
73 77 991
81 127 127
83 116 857
4 112 418
39 86 653
106 160 391
99 112 163
74 113 499
41 112 281
38 51 20
109 154 952
89 144 11
10 14 279
12 104 542
51 118 994
35 36 821
98 157 792
64 93 55
16 114 493
24 156 153
21 64 113
9 72 820
26 155 210
80 124 249
32 104 340
14 28 472
68 118 405
103 107 293
12 141 626
70 155 363
8 122 626
26 96 88
54 77 371
65 103 210
24 33 931
122 138 238
66 86 748
121 132 563
32 158 724
117 160 739
78 100 601
41 97 841
12 17 762
70 160 733
23 123 678
117 133 29
34 35 414
101 135 661
62 124 209
89 150 527
42 72 507
102 112 920
86 158 323
132 160 831
69 135 46
4 43 698
86 122 624
12 151 714
22 130 116
12 158 446
33 111 506
15 28 133
18 141 428
83 102 841
88 151 780
56 143 783
4 19 380
80 142 696
100 140 254
3 61 626
25 148 876
28 142 589
86 138 642
40 159 101
6 21 247
33 119 423
15 46 398
82 145 951
90 108 263
51 100 395
3 137 204
27 74 584
41 119 894
6 96 692
22 153 527
130 153 537
134 147 589
61 125 685
14 146 985
60 102 816
86 124 269
2 81 576
63 122 803
3 116 424
83 118 779
69 90 427
13 82 256
105 117 267
84 109 263
83 129 694
5 26 196
104 156 139
91 106 123
6 35 236
18 129 191
1 80 780
79 148 871
119 135 996
132 133 748
48 97 587
103 159 46
45 79 69
50 111 252
55 107 325
5 22 213
23 146 836
90 124 304
47 148 452
92 106 477
76 129 912
1 90 463
12 54 410
19 111 909
52 77 699
40 71 399
57 86 125
95 133 505
10 47 412
31 67 128
54 71 71
59 80 868
28 128 967
54 106 337
52 127 700
120 124 230
76 83 344
70 102 721
81 135 438
88 149 496
31 56 826
41 60 658
128 142 181
50 95 640
36 154 810
57 160 546
58 109 423
24 65 443
72 80 377
19 56 982
18 126 278
5 23 6
2 3 247
21 145 967
72 96 23
106 137 26
32 118 90
57 84 358
24 110 933
85 148 550
33 108 322
85 159 670
15 37 518
71 98 85
57 143 455
2 14 588
8 87 506
105 106 328
16 32 380
57 109 985
25 107 774
113 130 184
150 156 218
104 153 742
24 44 578
12 97 791
75 99 400
100 131 339
55 139 991
6 14 897
37 101 226
33 105 945
24 99 325
64 89 912
62 86 952
99 121 886
53 83 942
135 152 939
13 19 345
91 148 924
46 65 846
52 160 76
36 43 428
78 129 39
67 133 337
2 18 391
12 154 769
42 74 104
33 40 836
80 128 43
56 156 40
31 32 928
100 145 460
6 146 526
8 40 9
97 153 848
25 132 142
119 133 388
102 123 440
116 134 803
146 159 852
124 129 68
48 98 452
59 126 183
33 87 207
13 48 218
58 87 854
4 44 203
72 144 239
12 16 102
113 134 8
43 108 826
28 134 779
51 136 351
29 75 599
126 134 635
66 98 294
47 139 397
56 60 378
78 111 533
139 151 624
8 41 524
69 122 669
12 118 628
64 136 264
68 75 94
115 157 561
130 132 289
66 151 154
56 59 647
106 147 51
94 136 756
21 139 328
115 147 979
69 84 110
63 132 963
49 131 824
37 38 355
44 96 306
87 129 350
110 142 537
40 154 114
17 72 105
95 117 843
132 154 828
38 112 758
58 79 157
95 129 326
97 118 507
61 101 745
92 103 141
137 138 136
104 116 864
103 157 767
25 122 802
80 84 368
14 158 204
41 155 848
16 122 36
2 39 628
8 83 344
56 134 584
3 83 820
10 19 328
35 126 226
120 121 309
42 90 728
104 152 168
3 45 878
21 46 475
48 106 785
12 27 86
70 90 907
84 88 318
72 130 879
34 78 84
64 100 366
46 81 931
41 134 776
125 137 565
79 155 87
64 79 175
27 83 280
21 112 80
70 127 253
13 159 217
62 113 378
40 51 752
21 30 667
87 101 246
84 127 716
15 73 373
19 39 663
129 137 44
61 160 701
63 139 793
93 114 180
27 149 415
54 159 156
44 134 477
74 144 308
69 150 801
73 150 938
28 86 926
7 158 39
125 155 671
104 124 904
55 87 968
63 73 393
50 51 996
25 108 718
61 106 338
49 53 895
49 58 692
7 138 366
70 103 91
87 134 699
10 101 854
14 24 260
142 160 251
19 104 636
70 96 160
83 160 66
2 90 626
67 153 288
82 92 628
83 133 303
52 133 66
93 144 431
34 117 3
78 140 574
77 135 139
5 37 135
9 61 623
47 51 723
24 139 559
1 27 664
90 153 50
84 96 686
46 113 24
9 159 39
27 47 90
36 145 101
15 76 95
69 139 415
45 116 619
3 108 478
76 77 666
7 29 687
92 116 300
10 30 26
102 148 707
105 146 189
74 84 763
30 118 272
1 157 406
7 51 562
111 131 425
8 88 448
10 66 756
119 159 277
63 110 648
58 129 606
46 92 12
23 67 427
116 124 683
119 153 531
80 158 493
2 34 500
70 116 663
125 146 49
29 142 494
109 159 402
46 129 629
20 127 332
1 125 193
29 71 925
25 121 598
12 137 287
77 103 517
108 143 326
74 91 853
15 44 404
40 149 43
78 125 419
54 150 770
21 138 704
119 147 525
19 83 805
97 159 52
64 73 331
77 118 276
17 83 676
70 114 351
24 140 388
66 131 314
53 115 157
88 94 886
20 42 440
61 69 969
6 97 854
121 149 405
6 93 854
18 39 169
19 106 215
38 99 152
93 111 557
43 143 242
75 89 745
42 48 4
109 119 474
147 154 432
36 115 196
18 62 832
113 159 457
27 32 37
3 26 767
98 110 705
68 104 362
45 109 173
64 153 940
106 109 731
21 44 44
8 86 637
61 121 372
139 159 577
38 146 256
47 126 104
88 139 23
26 64 432
8 12 864
14 91 246
2 28 669
123 145 310
50 118 998
5 132 816
69 76 338
132 141 407
4 80 284
23 113 572
94 151 790
58 145 687
31 158 86
38 125 713
64 68 609
4 34 367
118 154 985
43 78 224
87 154 32
51 129 372
60 84 94
22 135 518
71 90 255
71 78 266
50 119 596
35 110 980
9 155 757
4 156 664
23 49 473
29 30 730
7 125 959
37 134 100
1 63 452
141 150 761
68 95 346
128 130 436
20 81 674
47 66 877
104 139 162
1 85 920
62 123 310
88 116 50
87 137 307
81 149 236
23 95 432
40 90 109
48 137 86
26 125 807
95 158 357
94 124 870
38 81 571
34 131 37
41 149 397
94 122 585
32 120 791
29 81 435
72 147 420
100 146 682
79 98 133
43 111 765
71 112 4
107 150 395
44 159 501
3 94 807
50 137 153
131 137 877
22 107 599
82 142 440
43 132 757
8 126 511
82 148 823
14 114 636
29 116 685
132 135 115
3 146 884
21 78 188
72 76 958
59 109 230
48 128 280
19 150 597
5 17 956
92 126 756
33 71 911
27 119 660
82 140 239
71 85 636
42 99 678
32 81 373
5 80 563
1 68 778
54 112 432
2 33 570
126 149 42
94 154 847
29 56 456
60 125 290
59 106 201
52 150 535
31 77 169
40 119 363
18 148 171
97 149 101
78 84 461
26 149 626
37 94 408
11 95 556
124 134 815
40 41 736
67 91 748
96 122 815
69 117 263
59 97 764
50 126 447
26 138 910
15 155 583
54 124 367
57 144 365
1 154 740
54 113 347
32 49 285
55 73 772
76 134 412
99 151 43
10 148 249
66 110 948
29 125 708
25 131 712
75 97 292
52 134 594
69 81 998
79 96 170
53 108 204
118 143 337
44 101 308
38 80 120
116 126 468
53 79 252
15 98 380
12 117 512
92 128 768
6 139 47
97 132 673
122 151 209
49 93 670
55 115 482
44 158 583
49 62 690
82 122 56
31 83 840
87 139 505
79 131 766
4 12 701
108 123 914
145 150 452
9 106 453
9 75 220
41 84 568
53 124 259
4 92 463
45 145 805
114 135 132
95 148 827
25 157 526
62 79 214
104 134 239
32 71 99
25 49 639
5 25 396
10 26 661
119 126 690
26 121 306
99 125 441
98 153 798
9 85 583
22 59 598
93 124 458
81 83 656
37 137 339
15 151 644
23 137 899
66 113 944
20 43 53
3 107 434
10 136 262
5 63 103
18 74 688
34 70 831
38 79 191
52 53 812
78 85 561
1 67 939
79 127 81
9 97 485
3 99 77
74 99 604
91 126 66
48 155 335
114 139 766
100 128 828
30 110 183
82 103 269
55 72 110
5 44 377
120 147 101
115 131 136
28 71 671
12 126 799
27 46 228
133 147 394
17 157 193
43 54 956
5 111 305
79 92 214
117 142 870
9 74 745
48 129 841
32 90 130
46 133 48
57 88 353
36 130 908
78 89 147
23 93 820
37 80 49
125 136 650
28 50 264
113 160 507
9 21 641
13 109 820
41 51 261
25 106 474
53 99 433
49 88 874
113 123 49
79 147 846
57 92 506
75 102 210
109 141 732
76 85 389
25 82 790
61 155 607
112 116 93
60 114 182
49 146 921
86 146 473
82 129 906
25 111 690
127 158 116
92 139 403
38 86 335
121 155 20
66 106 93
13 100 786
42 124 669
4 78 358
75 94 937
36 93 801
49 152 593
123 125 370
96 134 488
40 96 614
37 86 445
27 53 95
51 134 180
105 140 148
14 71 81
31 124 508
114 131 35
2 86 238
78 99 856
21 34 488
92 117 761
94 115 122
36 50 844
5 83 633
22 110 594
1 91 169
47 133 58
129 152 228
51 143 183
12 82 63
90 103 828
112 149 440
27 135 23
114 153 929
104 149 249
92 131 433
82 89 521
71 81 525
75 85 738
109 145 619
85 155 733
33 125 607
93 150 180
7 119 567
10 93 126
17 132 499
112 150 155
43 80 428
64 75 467
19 66 516
90 127 338
82 85 885
65 138 402
38 110 135
110 127 179
49 115 689
84 142 65
54 98 2
109 131 987
139 142 903
93 134 548
6 119 280
83 105 872
75 159 384
100 141 475
40 139 642
41 132 401
2 43 96
73 97 210
30 141 87
44 80 254
23 63 740
2 35 753
18 31 393
4 55 261
17 122 298
29 101 140
30 67 386
32 41 744
98 127 501
6 62 344
63 82 797
23 61 876
55 121 451
42 125 789
51 103 115
48 153 968
52 89 450
31 52 596
66 122 724
87 126 242
62 122 822
82 143 668
155 158 1
88 90 280
15 31 764
131 135 683
4 26 584
115 117 24
1 57 134
94 139 156
52 98 637
27 147 215
72 146 75
13 133 223
25 151 497
24 66 415
49 136 180
8 110 991
18 60 283
43 103 406
62 148 414
37 127 960
21 127 79
52 63 482
108 129 30
24 49 748
48 139 726
77 125 521
128 136 956
48 117 186
100 132 883
28 91 321
55 91 254
19 120 212
29 70 249
90 117 39
99 130 19
40 45 261
96 145 408
32 35 505
84 87 838
150 154 607
7 95 438
67 150 16
52 71 316
50 123 320
42 61 786
25 129 963
12 83 744
47 96 797
103 160 180
56 159 231
83 151 963
145 155 437
33 92 693
85 103 558
37 42 286
33 98 947
80 145 577
108 128 794
50 124 856
5 107 149
44 52 190
102 134 829
9 151 69
67 104 641
9 119 445
59 117 719
52 99 230
103 129 837
2 138 986
16 124 141
12 50 557
85 117 696
25 65 570
76 140 228
42 94 418
92 154 512
134 150 140
35 53 712
55 102 753
98 128 300
119 134 994
148 156 490
53 149 364
101 151 661
8 69 523
42 67 312
83 84 817
13 84 215
20 39 562
95 105 859
81 98 211
124 137 678
52 94 276
56 68 230
85 122 478
81 89 703
67 87 928
107 140 450
74 131 937
17 39 935
80 129 516
16 150 985
78 96 84
16 59 802
58 86 350
117 141 44
42 109 543
88 97 66
49 87 818
3 6 52
123 158 444
48 119 649
46 136 112
7 10 397
64 134 494
47 85 542
14 104 307
18 59 282
49 102 380
42 143 701
78 153 72
68 134 759
60 156 951
73 159 803
20 40 233
107 127 350
87 120 950
16 93 651
61 153 766
29 74 27
39 93 60
24 93 740
19 105 216
119 136 338
68 84 509
24 37 531
34 146 533
136 157 187
130 143 692
69 140 755
30 37 545
8 95 235
85 143 212
123 154 257
44 50 646
19 60 527
97 129 961
84 150 761
84 139 556
68 155 559
78 114 679
43 109 321
19 34 874
61 102 634
61 96 131
51 138 660
126 151 558
19 114 132
2 56 210
50 117 134
47 117 752
33 90 391
14 110 556
21 143 143
43 68 108
25 146 367
107 155 976
1 129 144
39 145 341
6 101 968
138 141 165
17 73 472
90 139 77
33 126 823
66 112 798
75 110 25
37 142 943
50 158 788
37 83 457
37 44 121
76 108 683
21 129 805
35 144 604
52 88 755
12 101 171
36 66 162
36 57 847
53 68 32
50 129 726
52 159 554
36 53 174
45 100 765
38 115 865
97 140 132
50 144 452
25 90 317
9 146 888
88 102 123
43 116 339
29 145 90
100 148 893
80 159 487
7 40 150
47 144 134
79 138 572
1 70 643
46 123 646
12 103 509
73 85 699
18 118 252
34 82 247
12 115 413
130 155 846
78 133 590
77 124 332
14 119 981
25 99 703
15 48 49
14 154 129
28 53 363
47 129 470
68 71 813
59 147 365
44 104 59
35 63 411
37 100 365
2 120 462
22 96 6
62 128 751
24 57 262
22 28 372
29 147 569
61 124 24
22 119 916
22 139 794
11 34 458
13 58 984
84 136 706
40 57 80
33 160 447
14 159 345
48 101 726
7 116 997
15 90 939
118 160 965
115 138 318
33 79 56
147 149 222
113 140 124
30 128 795
55 118 34
44 147 734
50 115 623
1 7 237
112 117 91
43 122 372
66 124 232
28 135 320
131 146 551
32 39 625
42 158 84
88 137 207
28 36 185
93 147 694
68 79 429
5 81 191
16 157 414
100 130 289
12 79 802
120 129 440
2 115 908
27 88 236
8 43 928
41 101 417
135 154 127
28 130 693
18 77 450
64 71 603
19 142 82
83 120 264
7 77 536
152 159 629
43 148 370
44 145 471
57 123 357
115 122 143
18 88 643
131 160 27
10 24 607
105 133 842
25 36 486
26 78 363
8 113 499
56 86 99
27 116 666
36 64 843
106 122 119
32 82 492
62 106 189
120 151 946
8 91 163
104 157 725
119 146 415
134 144 967
7 135 859
74 86 775
64 124 770
45 50 246
19 76 959
11 17 148
118 152 338
50 120 813
3 5 882
89 139 756
40 158 662
62 73 784
119 154 455
22 131 993
21 151 712
49 95 380
7 70 88
4 138 713
14 115 103
52 84 187
2 116 338
46 84 35
7 47 898
4 121 925
100 135 22
48 122 498
81 105 564
110 153 31
76 100 525
7 93 758
68 146 382
34 155 22
88 124 480
77 80 34
57 90 59
115 134 568
58 76 868
88 153 305
51 95 355
18 90 243
5 13 273
73 96 934
3 155 208
89 157 767
10 36 528
34 55 579
11 30 515
86 107 662
114 147 613
62 99 84
98 130 122
74 102 580
24 51 572
30 39 480
60 133 351
123 133 665
2 136 759
126 150 226
10 88 291
95 151 976
86 148 401
19 147 603
15 147 349
67 126 619
21 97 326
52 132 187
5 66 860
61 158 210
88 114 245
16 23 517
77 160 956
25 116 971
100 136 812
13 16 731
49 116 572
9 114 972
57 110 616
90 140 582
70 81 766
21 66 922
13 22 226
2 58 857
68 102 809
122 140 826
108 119 587
21 160 270
18 66 268
8 67 973
128 143 497
16 148 780
54 137 931
119 141 696
121 129 763
4 74 540
30 138 386
5 128 948
83 97 375
134 157 119
29 139 121
24 79 221
111 154 196
63 94 607
82 106 657
4 114 201
81 111 894
104 110 415
90 132 43
122 150 729
55 94 875
9 145 698
67 97 662
59 160 582
125 138 352
44 65 918
59 78 228
81 86 542
103 139 349
97 126 72
51 62 743
48 65 275
38 45 502
17 102 963
33 113 99
19 69 363
11 133 57
53 58 799
87 114 203
4 85 623
89 100 213
36 160 491
69 145 434
114 156 202
52 125 312
150 157 441
28 34 924
29 49 924
67 100 957
6 142 119
24 151 11
38 116 738
55 69 698
36 111 581
1 30 821
48 158 487
26 69 311
13 101 753
50 77 51
136 146 236
146 151 587
13 30 577
71 148 900
48 141 851
41 71 98
44 125 701
26 116 651
42 152 910
34 44 158
62 94 373
86 128 410
27 137 425
102 155 99
33 80 433
2 98 815
93 139 536
131 157 828
22 101 724
75 114 883
55 108 30
39 57 737
84 100 445
4 76 447
33 77 919
73 108 264
31 95 598
51 133 617
15 54 583
76 92 104
43 77 243
15 121 531
56 150 991
24 28 585
47 48 671
66 127 155
114 155 831
62 139 336
18 142 25
69 112 173
40 144 738
48 79 24
52 65 556
56 76 88
21 154 68
39 105 236
30 136 259
3 82 55
110 138 510
77 155 552
109 136 342
8 45 958
14 46 6
49 149 434
56 112 960
48 90 839
37 89 504
5 31 997
21 75 809
78 142 457
20 145 191
49 141 223
31 156 855
52 158 253
26 126 243
37 41 839
19 94 542
45 112 618
32 157 224
14 45 991
99 160 362
60 72 181
5 8 210
8 143 874
104 112 601
105 150 493
57 106 507
45 150 939
82 119 149
42 149 223
36 158 742
37 58 808
62 118 309
17 94 528
54 79 462
110 140 94
113 115 150
14 105 714
8 47 372
110 136 972
56 66 15
95 142 797
57 87 889
5 110 116
61 157 659
48 56 614
30 73 815
18 72 490
107 133 185
20 59 755
30 106 681
46 110 300
132 140 151
5 76 677
1 50 750
90 116 105
22 27 766
106 150 934
51 155 692
64 144 153
70 159 962
83 137 355
26 72 366
72 150 85
20 151 862
8 42 572
22 108 323
89 129 17
137 139 570
22 97 360
57 113 9
52 78 501
61 92 452
3 64 328
4 47 531
10 56 580
59 94 479
25 159 776
20 69 740
10 132 176
49 126 295
76 84 549
12 109 175
47 68 784
77 145 918
2 94 868
138 144 192
3 114 887
5 138 55
10 17 819
22 129 433
101 104 311
82 149 412
7 105 967
43 75 425
21 131 894
129 138 193
96 141 597
41 133 128
132 146 804
116 149 709
96 104 168
52 83 814
83 140 250
35 156 302
121 157 677
21 118 146
107 131 140
15 112 885
30 34 26
45 129 363
126 154 672
111 119 339
121 122 823
14 121 881
124 154 964
65 123 852
51 160 425
45 59 837
4 152 220
25 77 440
51 130 943
2 37 283
41 48 317
126 160 225
51 58 513
106 129 802
86 149 193
18 159 486
52 67 371
67 129 998
87 111 706
36 121 177
30 56 967
125 158 257
13 83 811
13 39 440
24 108 808
91 136 809
144 158 151
10 137 380
19 29 16
25 130 763
84 145 961
54 147 103
87 89 944
98 111 604
23 68 102
61 145 289
21 62 963
27 97 908
5 24 278
36 92 758
38 76 19
70 113 615
26 87 481
70 138 757
22 87 814
26 68 981
2 125 691
103 143 543
53 91 199
56 107 392
58 154 855
12 129 242
69 101 168
20 135 151
97 106 337
41 49 240
78 120 973
6 99 976
30 46 959
14 153 906
29 87 353
79 84 940
87 138 8
67 106 118
18 157 420
81 113 431
13 142 221
105 119 508
57 83 68
70 136 831
59 158 561
33 143 872
66 144 517
84 134 577
54 143 996
2 10 515
7 65 144
1 18 462
35 57 965
2 25 908
4 150 994
98 134 959
49 71 472
84 129 728
66 126 56
27 154 509
40 50 36
87 88 751
58 127 224
19 131 850
83 112 461
9 129 880
70 100 910
19 159 92
125 152 685
46 93 418
49 111 516
33 69 653
74 160 907
100 119 768
38 58 188
60 116 550
33 127 432
44 46 773
4 91 507
39 89 575
18 123 705
54 102 42
25 110 917
55 99 500
3 124 743
31 85 756
36 117 237
68 150 719
16 110 812
82 96 484
6 159 90
82 98 782
1 88 765
9 124 913
64 152 160
63 81 660
84 111 263
13 32 439
40 100 171
1 116 813
85 150 630
45 57 431
20 53 597
23 56 600
4 20 272
15 119 279
3 130 771
16 74 264
102 141 679
147 160 247
42 150 9
94 132 603
4 48 150
96 117 724
136 152 250
48 99 622
13 52 261
4 151 137
116 141 343
34 134 806
31 44 472
41 46 674
34 119 40
61 99 317
62 88 589
99 120 882
75 91 421
30 74 882
2 23 979
68 133 371
5 127 930
74 145 646
54 84 462
57 154 298
31 40 523
50 139 493
65 71 837
21 89 517
106 112 981
147 152 859
74 136 115
94 147 927
52 86 151
62 147 933
65 100 989
36 126 587
7 53 992
2 135 647
55 98 478
135 146 227
33 152 981
28 120 465
6 106 473
71 147 489
129 142 179
120 146 920
141 143 202
39 143 73
26 145 768
4 105 802
47 67 361
36 107 808
86 118 397
123 137 596
18 107 316
51 114 591
46 47 546
92 132 529
50 154 929
50 113 940
26 62 483
7 71 247
21 155 58
10 119 712
20 120 787
36 136 805
3 15 736
18 150 811
18 86 573
65 75 259
55 125 122
47 141 483
15 43 163
57 100 145
8 66 841
50 125 638
41 45 297
48 121 546
39 120 615
91 132 554
1 118 580
67 122 515
10 62 40
51 102 199
92 114 793
66 130 648
141 144 197
41 53 60
32 95 893
118 141 215
70 147 909
88 145 871
50 54 921
53 93 563
48 123 328
30 124 784
98 158 525
29 83 312
71 125 795
86 156 900
16 147 564
121 142 729
5 120 82
125 160 6
8 117 475
25 73 1000
77 81 234
58 108 909
97 131 302
38 72 849
70 93 401
52 142 364
79 117 67
10 84 568
26 66 887
39 138 248
89 136 453
15 30 447
5 69 215
58 78 604
121 147 115
26 70 175
49 135 510
51 113 954
54 85 589
53 158 867
45 49 282
49 103 84
128 159 646
105 124 700
89 108 185
108 131 582
41 151 775
5 149 76
53 126 292
86 93 222
114 143 33
65 147 400
13 148 502
60 101 598
128 141 988
3 66 533
8 73 320
59 114 545
77 140 361
60 66 706
13 59 664
27 120 545
118 151 407
47 142 743
62 112 351
9 111 50
9 51 260
9 52 424
144 146 506
3 46 852
107 137 989
8 51 29
8 114 62
5 86 24
105 108 30
69 98 908
67 79 245
7 137 383
26 60 442
6 148 80
6 136 691
5 65 270
88 159 785
29 123 892
78 141 628
39 59 236
80 151 902
19 41 193
55 104 621
9 98 818
102 158 965
44 94 158
58 81 630
11 44 961
81 120 75
22 151 575
24 61 378
34 60 172
40 156 495
107 154 658
13 94 997
9 44 983
23 38 217
88 95 672
34 67 914
63 119 128
33 34 780
21 25 458
16 89 887
14 42 983
123 157 321
138 145 525
27 93 236
26 89 509
26 44 966
120 131 954
56 69 886
6 111 284
71 159 867
154 156 619
86 88 46
117 121 541
8 130 571
38 119 351
18 21 264
43 130 68
66 91 3
19 78 680
91 145 858
62 66 620
22 112 546
74 97 974
113 151 296
36 100 492
24 68 280
143 157 404
3 19 202
31 127 165
35 58 632
16 66 863
125 139 720
31 138 479
21 84 403
74 85 342
64 115 336
21 121 868
65 125 860
2 52 799
98 142 296
30 35 292
38 64 340
96 152 482
6 153 155
5 27 117
24 30 530
153 157 911
53 151 468
33 146 516
83 134 422
1 152 60
16 94 915
101 134 895
22 127 345
111 157 230
50 74 881
7 44 745
84 92 436
11 159 209
23 52 682
36 142 497
20 92 171
3 87 145
29 31 316
27 113 573
35 77 549
53 88 147
106 124 469
109 143 974
31 148 578
5 157 315
83 108 320
44 128 597
43 104 641
55 84 542
112 155 253
36 131 359
17 51 644
9 73 570
18 130 474
51 54 1
29 95 770
25 46 239
75 82 66
15 85 931
2 73 435
40 81 930
12 40 159
133 139 185
6 19 200
94 145 490
20 33 36
29 146 387
3 85 882
75 118 49
39 56 806
62 121 831
8 112 995
60 73 325
66 69 528
30 66 230
55 76 333
12 37 142
73 152 990
63 126 521
57 134 210
56 93 118
51 75 54
6 110 464
82 137 975
71 140 259
103 138 411
10 52 614
33 144 353
75 124 152
14 127 476
27 30 28
15 135 576
58 159 258
23 88 544
16 84 669
14 78 750
32 34 360
12 60 175
39 107 659
3 68 733
24 62 359
59 125 780
76 146 792
6 85 733
4 36 465
28 65 421
54 56 731
116 131 400
115 135 944
117 134 852
135 149 796
29 149 715
55 61 452
23 119 449
29 129 522
43 67 870
69 143 885
6 39 101
78 158 565
66 77 549
4 129 60
36 150 256
17 20 739
49 51 439
54 93 498
130 142 726
137 150 913
117 130 900
31 160 265
4 7 975
102 126 930
105 158 744
40 110 39
35 121 335
46 156 492
20 45 694
24 76 855
40 48 475
64 146 28
46 128 633
18 91 937
38 105 231
11 151 533
73 137 798
64 122 792
71 87 3
43 121 561
7 55 724
7 117 340
37 70 942
10 151 340
18 78 688
28 61 484
43 139 290
3 9 733
122 125 494
53 111 327
40 83 882
93 121 393
32 89 658
23 81 436
49 124 29
98 143 727
15 81 694
33 130 886
86 127 504
40 62 456
111 144 816
37 136 871
85 132 923
48 58 594
127 143 505
100 120 772
18 114 955
10 121 564
140 158 214
101 106 816
78 124 978
80 109 474
11 39 145
51 127 470
2 50 607
70 124 966
8 104 85
20 112 271
40 113 517
9 139 998
6 48 571
33 136 700
38 69 485
26 153 623
18 117 811
8 82 530
30 51 183
104 140 727
26 54 708
19 116 364
19 53 295
68 125 571
75 134 395
33 129 170
129 147 465
90 122 617
63 93 366
34 87 416
34 122 164
76 112 401
62 90 748
58 90 678
33 62 55
40 58 526
5 130 722
117 147 870
61 150 220
22 34 361
89 141 76
73 118 191
64 95 181
1 99 575
6 90 708
64 114 136
64 157 188
97 134 733
19 130 225
53 97 625
9 79 632
48 87 377
7 30 502
3 8 691
25 51 904
109 116 403
25 138 348
54 141 10
14 117 33
118 145 505
15 70 146
6 158 817
105 110 907
68 101 338
79 86 337
7 124 31
74 149 16
131 154 470
93 102 258
28 132 531
32 75 117
69 96 703
32 117 240
101 109 781
8 19 526
103 142 670
16 75 954
8 27 955
37 107 369
58 66 628
54 95 143
29 104 644
85 102 50
37 150 9
60 147 429
57 108 706
17 116 137
84 125 20
46 112 810
50 64 402
49 50 653
73 145 677
15 26 171
47 145 860
51 142 1000
90 99 153
9 113 72
111 151 945
99 107 931
13 85 705
144 155 407
15 87 401
10 16 701
1 3 16
98 150 119
69 99 840
34 64 372
62 154 627
29 36 964
73 105 804
9 64 976
67 159 65
104 159 159
56 115 442
76 151 478
6 32 835
28 104 473
75 140 626
36 79 864
35 152 433
5 10 427
52 130 168
41 130 932
34 56 862
81 145 94
66 95 121
21 152 197
20 157 599
107 134 32
37 123 991
58 119 703
105 112 183
44 117 732
11 157 380
108 141 849
36 109 94
96 107 689
42 81 756
37 76 941
52 139 799
14 142 295
6 126 612
110 139 854
77 138 681
29 148 889
52 76 869
37 160 308
8 53 334
96 109 240
22 76 64
84 102 244
14 31 404
100 156 167
94 104 156
21 55 804
23 41 44
57 71 788
115 152 573
32 65 695
82 152 431
54 158 826
5 75 656
107 157 813
100 104 588
143 145 748
99 108 583
13 33 388
84 121 816
6 24 785
83 130 132
145 153 310
73 121 75
53 105 17
44 153 225
107 148 76
67 102 246
14 60 4
122 129 827
7 98 544
20 160 331
59 145 959
9 11 490
32 91 517
30 94 49
71 79 708
37 61 738
18 99 524
76 149 830
31 37 333
3 129 133
72 90 219
91 103 248
9 88 417
99 136 594
47 108 846
87 146 396
64 154 366
52 137 30
117 132 137
13 79 937
49 78 288
93 136 61
55 67 613
79 119 839
20 118 862
83 127 726
55 148 652
21 106 807
39 87 398
54 88 902
53 157 134
13 120 935
71 88 495
8 80 74
14 111 923
80 126 943
40 150 138
19 132 735
10 95 606
102 128 903
36 47 567
5 78 378
32 121 587
26 47 995
66 111 327
130 131 506
57 97 523
80 139 723
44 60 365
105 136 857
64 101 837
45 99 78
11 64 916
37 115 967
2 93 176
83 145 303
52 151 794
54 127 724
26 53 955
33 141 70
20 41 802
50 157 554
2 4 404
57 112 669
24 153 344
53 138 676
55 78 590
107 160 931
84 122 508
101 122 384
86 114 671
63 124 324
5 62 972
83 144 13
22 98 212
85 93 514
63 74 125
50 81 169
30 103 596
1 54 538
30 115 422
36 99 770
78 146 290
30 101 980
16 140 249
58 151 766
44 90 196
40 157 548
96 103 110
25 47 770
57 95 879
3 11 128
84 132 444
39 43 209
46 108 932
55 119 990
9 93 536
10 118 953
155 156 355
33 96 769
32 135 814
106 110 137
83 157 16
38 46 896
12 47 460
120 123 514
1 45 315
21 51 140
24 123 411
5 103 22
23 121 334
31 72 738
7 64 913
11 50 173
40 116 322
67 141 550
15 63 549
26 141 293
70 134 810
93 108 167
26 131 705
39 47 393
43 123 335
105 126 492
69 100 878
54 111 650
47 72 210
41 93 171
103 128 863
64 84 126
7 94 660
64 126 493
149 150 538
2 151 287
40 101 980
14 69 393
76 137 641
121 127 650
67 68 597
102 135 724
37 106 394
43 142 636
1 86 308
12 56 143
130 139 96
71 139 212
64 104 200
29 115 767
87 158 347
64 67 589
135 139 593
52 105 519
67 142 454
3 128 745
11 86 923
57 58 724
66 117 276
37 60 57
4 133 170
20 88 382
31 65 654
5 9 127
137 149 792
77 121 448
48 107 259
16 62 183
27 43 20
9 53 275
42 71 345
149 153 817
70 143 551
73 101 745
7 123 966
31 87 435
7 160 355
122 123 970
116 146 513
40 78 192
37 48 758
54 115 893
75 157 563
109 127 558
99 146 424
100 133 145
34 89 208
98 135 52
47 143 547
134 149 692
1 40 930
23 115 611
59 148 535
12 21 824
10 67 323
27 140 96
94 100 686
3 70 979
84 98 827
108 144 751
46 96 481
74 77 119
126 133 970
109 157 381
57 91 798
38 149 427
40 79 345
30 158 234
27 144 695
122 143 219
55 114 724
72 102 333
90 114 244
79 149 684
8 134 595
69 87 268
59 75 181
57 120 16
28 155 337
127 135 94
77 86 784
46 119 215
9 104 833
53 98 951
40 143 232
8 157 261
6 51 664
127 130 681
10 100 954
6 12 840
62 76 285
19 90 841
69 136 301
32 112 626
63 98 26
26 91 355
10 145 895
3 117 223
76 131 567
54 61 52
42 58 879
28 137 69
65 140 225
5 67 458
45 152 702
82 113 156
8 133 387
66 129 160
4 67 26
116 151 142
148 153 972
20 105 649
120 159 178
4 106 845
3 47 420
97 99 995
63 109 351
9 99 559
38 129 705
27 45 817
10 51 862
21 144 537
115 137 937
82 141 389
30 79 341
118 137 437
29 55 525
31 51 201
61 79 348
91 118 92
28 123 464
37 108 89
95 145 561
60 89 394
32 43 728
96 144 165
36 91 36
16 31 392
34 63 725
77 104 96
109 121 754
8 59 513
33 124 924
10 54 171
18 98 540
27 133 963
87 150 282
6 133 404
31 46 732
139 156 103
27 78 108
107 135 35
94 103 826
14 86 577
68 87 342
23 155 368
45 88 940
68 93 726
10 40 479
109 123 91
133 160 419
51 81 399
31 33 525
80 147 399
28 97 809
55 120 199
9 110 638
29 88 571
93 116 739
18 64 188
39 147 829
73 133 598
32 119 182
115 124 234
4 11 466
111 145 418
112 154 679
44 70 844
39 150 633
43 138 658
37 117 974
61 128 539
4 101 868
48 116 13
67 131 369
64 138 554
98 121 28
138 147 305
66 137 648
67 157 872
47 71 373
9 134 118
52 100 786
47 160 462
123 139 838
17 60 299
68 112 987
66 145 956
136 150 337
25 76 288
74 158 801
10 149 833
67 135 937
110 121 675
12 93 991
67 109 332
25 34 157
63 72 838
39 119 801
11 125 3
72 75 856
11 152 923
65 66 297
104 126 575
72 142 448
93 145 698
110 128 769
85 100 823
30 57 534
47 120 294
22 35 141
19 24 681
4 97 141
99 104 784
41 124 894
7 75 599
4 25 315
35 138 975
44 107 809
31 151 505
25 67 485
117 150 254
41 143 949
27 106 871
16 152 866
54 66 458
59 155 845
10 43 125
90 120 877
3 160 777
39 90 428
22 102 321
40 145 499
110 156 205
58 132 873
